0 5.228743343988426 1.0893781185150146 1.6526360511779785 3.7401599884033203 7.7645649909973145 11.549484968185425
60 18.819467571375306 2.90010681152344 7.015088796615601 16.135426998138428 28.251137018203735 39.579782009124756
120 19.268106198840343 2.9863758087158203 7.047394037246704 16.61769413948059 28.916028022766113 40.75462007522583
180 18.51037480900383 2.753441095352173 6.687613010406494 15.564713954925537 27.797999143600464 39.546375036239624
240 18.223602438062738 3.299550771713257 7.3702991008758545 14.386702060699463 27.32478404045105 38.68554191589356
300 17.781047007326134 2.8620219230651855 6.884613037109375 14.006096124649048 26.587601900100708 38.609023094177246
360 17.90340066038092 3.1405410766601562 7.245479106903076 14.411259889602661 26.645740032196045 37.97503399848938
420 17.358744189154944 2.8396859169006348 7.26537299156189 14.450632095336914 24.900217533111572 37.36800003051758
480 17.227097904156555 2.8089890480041504 6.830981433391571 14.094178557395935 24.782887935638428 37.597585558891296
540 17.54583518779864 3.1094400882720947 7.547420024871826 15.456032991409302 24.224277019500732 36.667624950408936
600 17.582369288925463 3.2884697914123535 7.3890509605407715 15.251233100891113 24.459269046783447 36.07438397407532
660 18.548100852663634 3.536942958831787 7.957536935806274 16.158651113510132 25.872946977615356 37.935662508010864
720 18.891041124000292 3.1253859996795654 8.025498151779175 17.179538011550903 27.142640113830566 37.089821100234985
780 19.02290516038357 3.23320941925049 8.030023097991943 17.250333070755005 27.253055810928345 38.00560283660889
840 19.50950035693962 3.323499917984009 8.575436115264893 17.965914011001587 28.09587788581848 37.469691038131714
900 19.211967840381263 3.5430074691772466 7.990779161453247 17.39015793800354 28.289165258407593 37.44800901412964
960 19.730245146177626 3.7324020862579346 8.797538995742798 18.15135908126831 28.6828351020813 37.52706694602966
1020 20.798258688525546 3.7275750637054443 9.001232862472534 19.169255018234253 31.123565077781677 40.184728503227234
1080 20.828502428688328 3.702530860900879 8.926630020141602 19.21601414680481 31.31458592414856 40.16798806190491
1140 28.508819367658788 4.833466053009033 11.692981958389282 24.773545026779175 42.1677520275116 59.22507309913635
1200 41.50034009495693 7.970875024795532 18.39457243680954 34.06758093833923 54.31465125083923 93.6148099899292
1260 46.04728728950683 6.991121053695679 19.576834738254547 42.99068593978882 70.53780508041382 89.15077900886536
1320 31.54690558341992 7.326973915100098 16.273218750953674 30.812016010284424 46.53280293941498 56.984891176223755
1380 42.97633668224161 5.414228916168213 13.304753065109253 39.458019971847534 66.53506898880005 87.43276619911194
1440 33.71475356188078 9.319188117980957 18.886067867279053 32.3936071395874 48.66162991523743 59.4930899143219
1500 41.43742652974575 5.246747970581055 12.816141128540039 36.41181182861328 65.5297828912735 86.83757486343386
1560 35.370378340053904 10.32006995677948 19.286156594753265 33.75680589675903 51.6707558631897 62.700517058372505
1620 41.68825519042291 4.916940522193909 12.141203880310059 37.383458852767944 67.35411310195923 85.84564666748048
1680 34.999678989592994 10.745977163314821 19.57187294960022 33.62963509559631 49.343908071517944 62.37373399734497
1740 45.5584884338823 5.184993410110474 15.870851039886475 43.14345693588257 73.23310995101929 88.96638765335082
1800 32.788047986614764 9.056689500808716 17.470633268356323 31.12502098083496 47.3717839717865 59.18044710159302
1860 52.98395089009118 9.414318442344666 25.669865131378174 55.84854853153229 77.41735291481018 91.01186299324036
1920 31.010507054177776 6.802716970443726 15.865746021270752 29.883296132087708 44.97779107093811 56.29347491264343
1980 60.45924026477195 12.707731008529663 34.32435142993927 64.36869406700134 84.88668298721313 99.37750697135925
2040 77.64652165966783 12.262638092041016 33.63397789001465 75.01065301895142 120.29457306861877 145.92167806625366
2100 37.51851580739715 7.310683012008667 16.535547971725464 31.829263925552368 48.755099058151245 72.93130397796631
2160 69.1372634359165 21.699643087387084 48.740346908569336 72.73699307441711 93.15301895141602 106.5201358795166
2220 88.2955425984777 18.163753461837768 44.81034290790558 93.48798704147339 125.80404305458069 153.12864518165588
2280 106.92569274436133 19.119430899620056 48.497247874736786 103.17713403701782 163.88336753845215 199.63891887664795
2340 65.07179535301175 8.109699010848999 21.072141885757446 51.511765003204346 102.62331593036652 143.78058886528015
2400 60.92896631431933 19.532921075820923 37.119739055633545 60.65957021713257 82.44298756122589 103.36508703231812
2460 101.73009074872044 28.14929699897766 71.63379907608032 108.80017900466919 136.05967617034912 158.60825204849243
2520 124.59486204509794 27.98263168334961 69.12831401824951 139.79946398735046 173.9769583940506 202.15268340110777
2580 138.97625057865875 22.976275920867927 64.80420708656311 140.35066103935242 212.43984699249268 253.61736936569213
2640 96.3160405667351 12.434712886810303 32.95591998100281 82.97841191291809 153.97345900535583 198.5442612171173
2700 63.424602826859555 13.196503639221191 30.23920887708664 61.44303107261658 92.77480071783066 116.9672726392746
2760 95.0397545125952 29.164258766174317 59.59138488769531 97.23674297332764 131.80283498764038 155.31455097198486
2820 134.22712151644498 36.804663968086246 89.56503981351852 141.99893057346344 185.93141305446625 212.1305491924286
2880 168.75835436869215 42.12444527149201 103.91856944561005 188.18082654476166 233.57914847135544 260.93390798568726
2940 177.3250843757774 35.28887414932251 86.57541048526764 182.20986342430115 260.9169608950615 313.8188731431961
3000 199.84448037313965 33.5338797569275 91.87861156463623 199.61580991744995 306.543900847435 363.998593378067
3060 156.56461672918726 20.72689437866211 55.249309957027435 145.47145295143127 247.93408012390137 311.40488600730896
3120 105.46821452192772 18.04540514945984 45.63407301902771 91.97150647640228 159.7060797214508 211.53319489955908
3180 91.52658062913231 21.20565390586853 48.08005380630493 91.17185711860657 132.92080402374268 161.25067901611328
3240 126.63779731733727 41.64751935005188 80.37316364049911 128.53543615341187 175.91520953178406 206.9248650074005
3300 167.1314193918169 47.113065004348755 115.90515279769897 173.88483309745789 231.71715307235718 262.7347979545593
3360 206.84552371792293 54.722813844680786 134.88620495796204 222.8245965242386 285.22010016441345 323.3678090572357
3420 230.59427301895448 53.863417673110966 138.49054980278015 256.9010179042816 320.53000116348267 364.6567039489746
3480 235.930024059346 46.637545108795166 116.28478562831879 240.12661004066467 352.3750069141388 419.97530875205996
3540 257.69791107688263 45.30854072570801 116.57846796512604 255.7744140625 398.08022809028625 472.1429759502412
3600 209.74406831517112 24.73272075653076 74.80088782310486 197.9246804714203 332.6442470550537 416.0202376127243
3660 153.18042170062495 23.092151880264282 58.762624740600586 129.993754029274 241.77582550048828 318.860778594017
3720 116.03153357141525 21.84023904800415 53.61936974525452 106.61058294773102 167.0908243060112 228.6571908950806
3780 119.30248294007994 31.19228947162628 62.973666965961456 118.93477296829224 174.41047501564026 207.33596551418304
3840 161.07955318639472 53.87277889251709 103.52607798576355 163.49910283088684 222.14212083816528 261.944583272934
3900 200.96400670127875 60.973413944244385 136.10560989379883 207.63691806793213 276.788899064064 319.60908489227296
3960 242.88994588498363 68.95608496665957 167.27962589263916 257.9560649394989 332.31890296936035 378.6535379886627
4020 276.0463501628871 68.45875732898712 179.90714621543884 301.55725598335266 379.8511018753052 433.0275800704956
4080 288.951802579001 64.23430490493774 165.63501501083374 324.3051130771637 404.18727803230286 467.7684018611908
4140 300.3004252429239 61.92276430130006 153.23787713050842 305.04141092300415 444.4786419868469 529.6696082115174
4200 320.344542736013 54.0563759803772 151.25942087173462 325.96486806869507 485.6598709821701 579.3056960105896
4260 264.8623730160973 30.018900227546695 96.55912905931473 253.01003289222717 420.24385076761246 528.3884867191315
4320 208.34978370285774 29.659069848060614 72.24214291572571 179.8832859992981 336.39078879356384 433.4174818277359
4380 164.8898678795422 27.816790246963507 69.29499316215515 140.6864528656006 251.00237798690796 343.65295810699473
4440 137.1383094002434 26.917770433425908 67.32287311553955 133.7192361354828 200.11225509643555 251.25831604003906
4500 150.5405091005459 42.54336678981782 83.47403049468994 149.35665607452393 218.6940335035324 258.62549026012414
4560 195.51111310695933 67.60700011253357 123.03108596801758 199.82176089286804 271.775138258934 316.17274503707887
4620 233.95676395059314 71.8987412929535 160.99354296922684 240.39558291435242 321.75094640254974 373.3087254047394
4680 274.9674232438501 78.77790107727051 197.7014935016632 288.5196199417114 376.43476498126984 429.645143032074
4740 313.4291678990423 85.5755341053009 211.07259392738342 336.90534496307373 430.3705992102623 486.7259154319763
4800 345.48671696861106 89.57222008705139 216.20080828666687 377.25672602653503 480.1410381793976 539.6082398891449
4860 353.0161432398264 78.91637959480286 204.03502297401428 396.66140508651733 492.58190846443176 573.4446938991547
4920 361.55981281721694 69.18263101577759 181.67534095048904 374.61323499679565 537.8159506320953 636.4469465017319
4980 380.5043442849173 70.50284819602967 178.78068816661835 384.8999741077423 579.1407893896103 687.3947725772858
5040 332.59610479086894 38.405021572113036 133.43131351470947 319.82466888427734 524.2626070976257 644.1664672374726
5100 263.4797317292666 33.32307291030884 84.51290595531464 235.97360706329346 429.0780649781227 546.1277195215225
5160 210.67693355084782 30.53835892677307 81.79049301147461 168.62628507614136 336.5763199329376 449.71868319511424
5220 175.62804300134405 31.358691930770878 78.90777313709259 161.66354990005493 256.1932580471039 349.07806000709536
5280 157.29427731846496 31.417186975479126 77.85930013656616 156.62173700332642 232.6499291062355 282.4051331520081
5340 184.25632207546903 56.64046368598938 106.6440681219101 183.52215003967285 264.9706515073776 311.7201563835144
5400 229.3344492640617 80.53672301769257 144.12421298027039 234.32200646400452 319.009562253952 371.9381730556488
5460 271.4483834301485 88.41240935325622 190.2868299484253 277.59228706359863 371.39260745048523 429.12879214286806
5520 308.72227594545444 86.54692730903625 216.48374819755554 324.3506557941437 425.3153874874115 485.6106610298157
5580 345.1750659186637 91.85328102111816 233.83713746070862 366.40969800949097 474.0652039051056 543.9019351005554
5640 389.9997520097514 111.8209900856018 258.0603040456772 419.10291600227356 534.7310729026794 602.5408720970154
5700 414.81832156471563 103.12012546062472 265.63842713832855 457.12888383865356 574.9998941421509 642.7991248846054
5760 414.0742389837272 90.61701107025146 236.11634802818298 464.9452688694 578.6957520246506 677.9229680538178
5820 422.5698433296157 83.289070558548 208.87305903434753 433.7402939796448 630.1054093837738 752.1710234642029
5880 440.63701146202266 77.55461692810057 207.93160885572433 450.33989346027374 667.4877575039864 796.4847655773164
5940 398.5376200002448 47.440411877632144 166.86269682645798 392.88589453697205 628.0012168884277 757.4566327571869
6000 327.5026364940948 42.39177680015564 106.09339952468872 302.7132339477539 524.5949258804321 663.0588806152343
6060 270.99794139098077 39.46865816116333 99.00264811515808 233.84080982208252 436.00754594802856 562.2161597728731
6120 223.56555383632198 37.0922260761261 97.14176166057587 193.2232904434204 345.5019192099571 459.04375660419464
6180 192.49663212470801 35.59830074310303 89.72199302911758 182.43888211250305 280.4412391781807 372.8531501054764
6240 180.45933134819438 37.59060883522034 91.01587963104248 179.28983807563782 270.6432784795761 322.4765397071838
6300 213.17572781503486 65.03617961406708 121.03304696083069 213.88579857349396 304.20973885059357 362.50266289711
6360 260.8244237857187 84.26400344371795 169.37977409362793 265.18368101119995 362.87515902519226 426.4375848531724
6420 304.6994916081107 97.74290490150452 205.98452699184418 312.90429759025574 423.86020773649216 483.610374045372
6480 342.8011089074331 107.2920686006546 241.40576869249344 356.36262106895447 470.11945712566376 540.6873664855957
6540 374.6908063086647 96.77964842319489 251.50661087036133 395.0856410264969 520.3399601578712 593.0183659791946
6600 417.78761345953257 116.25771880149841 278.3245770931244 446.65643882751465 577.0430400371552 653.4731740951538
6660 458.23867353419683 123.01924962997435 301.49449676275253 496.8071005344391 632.8783540725708 714.0207364797593
6720 480.2763438160086 119.68257255554201 310.9014549255371 529.9715950489044 663.7378559112549 739.8851214408875
6780 472.3946486222228 107.95195209980011 263.5930120944977 530.7380756139755 659.1894322037697 775.2477614879608
6840 485.74684895612364 95.83273940086367 244.00415706634521 505.0723669528961 721.7279028892517 861.3134603500366
6900 507.0046314287598 93.20210027694702 253.24879658222198 508.13782691955566 759.7998305559158 905.4775728702544
6960 526.2192815807103 86.62318205833435 244.40989017486572 533.0783479213715 798.6671719551086 958.2157481670382
7020 486.4291468659952 51.451629996299744 205.51302844285965 486.9925420284271 770.2755672931671 912.4908180952071
7080 408.3991765393804 48.31984198093414 135.17193812131882 390.26580595970154 657.4006642103195 820.7814409732819
7140 347.4748864597733 47.30810012817383 117.43155455589294 300.31058645248413 563.4869073629379 729.6680939197541
7200 301.63302611136896 50.54102280139923 120.2046292424202 246.50882697105408 481.1472917199135 630.7025897502899
7260 256.44334913110976 46.174673366546635 116.40412950515747 227.40732407569885 378.78167402744293 523.9726532459259
7320 228.64864509867388 44.56255369186402 109.57066690921783 218.28488683700562 328.6121405363083 439.91799569129944
7380 213.1407454499492 42.06252970695496 106.17405605316162 211.29037654399872 320.0966658592224 382.17052829265594
7440 248.19792582615233 71.40699257850648 144.07075452804565 251.21725952625275 354.4413276910782 418.2952959537506
7500 291.7212500242146 97.93005299568176 177.5357232093811 295.93917298316956 413.2978630065918 481.82856783866885
7560 332.44061619645566 113.44745993614197 212.69905579090118 338.5934040546417 462.7772889137268 532.6051496744157
7620 373.3799818055651 115.90475244522095 255.5265644788742 382.6074779033661 516.2412359714508 591.8883934497833
7680 415.72861025549184 122.89242708683014 294.75476694107056 433.841029047966 571.0030188560486 652.5982799530029
7740 453.4213526828763 124.86767995357513 320.1631430387497 480.566034078598 625.3509773015976 708.5060987472534
7800 489.9852500159316 132.21544194221497 341.93376767635345 520.9344526529312 669.6435912847519 767.8863739967346
7860 532.2582323302678 144.58797619342806 356.9988835453987 575.3339174985886 730.6904250979424 823.3824910640717
7920 559.8321284217998 140.0289505004883 365.71558809280396 609.5674848556519 778.0314106345177 874.8485330343246
7980 571.1633683069858 133.57212266922 338.98463344573975 644.6235799789429 790.8141858577728 892.4804022789001
8040 572.7092326692299 130.41836500167847 325.4812560081482 644.7152941226959 792.734689950943 945.9246318340302
8100 584.2099260977104 121.60772933959962 300.2197780609131 602.3738989830017 864.3110179901123 1023.6711207389832
8160 604.4087809783354 112.4041003227234 298.03297996520996 618.7120065689087 910.0534863471985 1073.3449962377547
8220 613.5501566635127 92.19654912948609 286.2001509666443 604.8678920269012 940.5439331531525 1125.412776708603
8280 577.5550079893229 72.94803948402405 254.2147171497345 584.6863160133362 904.8133931159973 1076.6265536308288
8340 506.39856322442375 55.56023569107058 183.5285439491272 492.22022700309753 817.6167869567871 994.184960603714
8400 426.3721952437732 54.28953020572663 135.9262197613716 386.03913486003876 696.7356150150299 879.0332705259324
8460 374.1997952304829 54.55176019668579 138.20587211847305 311.22512698173523 607.7432005405426 787.9836699962616
8520 329.31657215355165 53.03556861877442 132.8147509098053 267.753870010376 523.3388199806213 687.8480648994446
8580 292.4973685881348 54.049184799194336 132.46355152130127 262.68284344673157 425.09214466810226 597.7742564678192
8640 262.8241266422175 53.44070024490357 123.92335200309753 257.14061212539673 379.2817659378052 494.5460424423218
8700 246.204222692417 46.83637499809267 122.68748730421066 242.77579402923584 367.7146288752556 442.9046061515809
8760 272.02264644688256 69.59512400627136 150.81116789579391 274.51527738571167 394.7391160726547 471.7900723695755
8820 315.302144717919 104.08714244365693 188.4285027384758 316.4709860086441 448.81278681755066 527.7146019935608
8880 356.37397927570544 119.88202404975891 227.86739552021027 359.83123111724854 495.70512890815735 583.5869748592377
8940 403.4671621754997 124.76935911178589 265.8058469891548 417.9014106988907 559.6667881011963 649.8071614027024
9000 443.2328113365672 138.00143485069276 304.06067299842834 458.8675260543823 613.5897269248962 703.2097117900848
9060 490.76509523353707 153.05884203910833 352.9178589582443 512.6164610385895 668.8550724983215 761.153955602646
9120 525.6470820034639 151.48337616920472 370.4446151256561 560.334774017334 724.2040681838989 819.1954491138458
9180 560.6189482546218 154.75889348983765 379.70039224624634 597.4560059309006 769.3247184157372 872.5899227380754
9240 606.8749133564337 178.2308144569397 418.43326711654663 654.7240164279938 824.1175467967987 935.3898034095764
9300 634.0764569203228 156.9652861595154 409.7957570552826 689.9266571998596 874.1718192100525 988.0111650943757
9360 670.1925983361812 189.18866267204285 444.97492599487305 733.2659220695496 916.1925735473633 1032.7329324245454
9420 662.871112622484 153.01807708740236 391.47068202495575 741.4002051353455 927.0923830270767 1042.3953020095828
9480 675.735956410205 157.70653581619263 400.03107339143753 757.354562997818 926.6367411017418 1104.3985513448715
9540 669.9972578376311 134.30343027114867 349.0791668891907 689.6100950241089 985.1530220508575 1170.1712145328522
9600 691.8097134170217 144.25592968463897 345.73654586076736 694.4557820558548 1040.2004137039185 1233.2436781406402
9660 709.823566633716 126.05379104614258 340.15820717811584 707.0392501354218 1080.086040019989 1286.2060070037842
9720 654.1936499125251 84.7848146438599 276.8959128856659 647.4752821922302 1035.7714881896973 1228.888126564026
9780 586.8660790955329 64.7000023841858 218.41913390159607 580.9765839576721 928.1021139621735 1145.5763420581818
9840 517.4697976825641 64.47299418449403 158.98665404319763 473.4229779243469 844.4766218662262 1049.2079253673553
9900 447.77316188497235 62.2668577671051 148.02487301826477 382.9073839187622 727.3916184902191 945.3131162643433
9960 402.51702318719805 64.83562183380127 155.57633167505264 331.137419462204 646.5794070959091 850.5254210233688
10020 349.35563564622726 60.619475436210635 149.7696989774704 295.9688299894333 538.7160881757736 734.8132690906525
10080 315.05835948315536 59.69493160247804 145.3788532614708 282.37799656391144 459.4327508211136 640.4433306455612
10140 292.11457308027667 51.65636715888977 141.38184690475464 284.63694190979004 424.2667111158371 558.846454000473
10200 279.5362517672206 53.538455033302306 140.1540414094925 275.2741050720215 420.70671451091766 505.87580871582037
10260 300.2548960001408 75.78342595100403 153.81210148334503 299.55880403518677 440.8060550689697 531.5038475513459
10320 351.8009394002453 116.07828044891357 202.770437002182 356.962602853775 499.98408699035645 586.4949325084687
10380 384.4248214085114 134.9507089138031 228.85375499725342 387.4084279537201 546.6063280105591 644.5045030117035
10440 434.33379621608077 144.6767322063446 284.0070250034332 442.3927698135376 601.0815849304199 702.2964189052583
10500 479.6881172093519 157.70493853092194 328.6900489926338 489.86212503910065 659.5327675938606 760.2612500190735
10560 513.974395821161 158.83263397216797 361.8000719547272 533.9798300266266 709.2542831897736 810.0009703397751
10620 547.6937100815094 162.57460498809814 376.124871969223 574.235603928566 756.6089432835579 867.8258355855943
10680 585.6885358425184 156.96475505828857 400.7340162396431 617.3209949731827 809.3900665640831 926.5279679298401
10740 633.4889092540393 174.69648623466492 430.7641965150833 674.5037078857422 869.4471175670624 983.8714106082917
10800 669.3142544113201 174.01901817321777 442.49220848083496 725.1770520210266 925.1652054786682 1043.4723406791688
10860 704.6217878061118 178.67296776771548 456.1798024177551 762.1045620441437 971.9910418987274 1101.9146923542023
10920 750.1880420538645 195.91730790138251 491.969582259655 820.1149954795837 1033.170671761036 1162.3459012508392
10980 764.7587556275924 197.6208245754242 484.9892740249634 850.3944185972214 1055.3178939819336 1181.2916519641876
11040 764.5582884127463 184.59316828250886 450.69105565547943 861.2396630048752 1060.703961610794 1201.0470701217653
11100 768.2463391408631 166.03922221660613 422.4066360592842 873.5649290084839 1070.0500812530518 1267.4537086725236
11160 774.3826484223445 163.14067080020908 424.0325845479965 816.9496775865555 1121.0893424749374 1339.4227292776109
11220 763.4911337859226 141.0767995595932 372.548694729805 758.3631929159164 1153.1206508874893 1395.3138593673705
11280 812.9000292332728 148.75507559776307 398.1576371192932 831.6578109264374 1229.872407913208 1454.77345662117
11340 838.4704470320219 140.32277183532716 404.0840554237366 859.939120054245 1276.285485982895 1499.9538690567017
11400 791.4530528802443 115.6746786594391 369.8955399990082 792.6474711894989 1220.7498090267181 1462.2716354370118
11460 703.0760814226946 76.31848011016848 270.03543043136597 686.0179440975189 1113.9508558511734 1357.2196686029433
11520 628.4203300084724 76.0586287498474 205.4921679496765 593.872640132904 1012.35338306427 1264.6799827575683
11580 562.1692971939448 72.65509355068207 181.39301651716232 512.1562095880508 913.7872500419617 1162.224795460701
11640 499.4144933725793 66.22108869552613 171.62915301322937 415.4147090911865 812.0063350200653 1066.0838599205017
11700 452.7969250852759 69.23697516918182 173.53302240371704 358.995064496994 721.4858846664429 972.1638331413269
11760 405.36707626492523 67.42178916931152 171.62242090702057 344.8619079589844 620.5410535335541 855.6409244537354
11820 371.07301107546533 62.87298080921174 159.45123505592346 331.64916706085205 562.9725060462952 764.4847874641418
11880 353.71807759164477 66.9499100446701 165.54049396514893 335.99609994888306 509.46795105934143 672.2033884525299
11940 331.4778144279603 63.201526165008545 165.07115006446838 328.8225920200348 488.9039521217346 593.7165110111237
12000 325.94065600951353 67.84055590629578 160.7848298549652 323.7566680908203 491.13820600509644 583.2416920661926
12060 367.78901512667426 101.23464131355286 194.8351935148239 368.40331292152405 541.3798248767853 639.3264417171479
12120 418.9691832026019 142.68284797668457 249.31787824630737 425.47936391830444 589.4109047055244 696.5844443798065
12180 456.1775131311547 154.6654016017914 281.1848039627075 467.1798930168152 642.7954149246216 744.5511677742005
12240 497.2882431439186 167.61459267139435 322.18084675073624 502.4556374549866 689.5050975680351 815.0430231809618
12300 543.8336015000963 168.47692608833313 368.06405729055405 557.6961731910706 752.1448507905006 869.383053636551
12360 582.2765026479645 199.62008142471313 406.9097421169281 602.6398820877075 796.3068599700928 911.8275699138642
12420 626.4138813199954 198.58856971263884 444.3267506957054 654.0152134895325 861.5387600660324 985.9269797563553
12480 655.4095988528011 186.62695240974426 475.05087411403656 682.1168314218521 903.9059976935387 1031.6043570041656
12540 706.1846842836385 198.5850809574127 514.3880974054337 753.4278929233551 959.3437769412994 1098.4691643238068
12600 737.6451713166708 200.0126370191574 498.1062362194061 783.7759258747101 1014.3351962566376 1151.8069145679474
12660 770.8496409641643 195.92298166751863 505.03057235479355 832.9539383649826 1069.15597230196 1205.0318720340729
12720 807.6527218983905 221.80705246925353 522.5303270816803 873.9351184368134 1115.7220017910004 1260.9316653966903
12780 852.0682662835416 216.07649199962617 567.5215619206429 924.3401554822922 1170.7169848680496 1325.0309003114703
12840 891.1195324508586 234.46176290512085 578.5833477973938 974.4693191051483 1228.540827035904 1372.530457019806
12900 900.062582175975 242.7570546627045 576.209505200386 999.8714450597763 1239.628939986229 1380.6840814113616
12960 878.321953442481 210.9958080768586 521.6989479064941 979.9148738384247 1221.2588131427765 1402.3063819408417
13020 902.5279451392855 208.82784390449527 523.0664064884186 1026.8734494447708 1236.6281014680862 1488.5600452184678
13080 887.8234968774589 186.00393567085263 454.85280895233154 919.6163665056229 1294.1406506299973 1551.2940051555638
13140 879.0005954943852 157.15011644363403 428.92877447605133 860.3246220350266 1354.349050939083 1609.2526540756226
13200 923.2896472789236 174.40991659164428 443.6020550727844 942.0579400062561 1384.9970140457153 1667.440610218048
13260 947.3741339340576 167.04430789947511 459.6628665924072 947.4790515899658 1435.6538845300674 1726.7616723775864
13320 868.9504916021741 115.07914175987244 373.57596611976624 849.4371519088745 1359.3860478401184 1636.7620965003969
13380 830.42194103885 101.07809686660767 358.30266654491425 812.3700089454651 1288.1113630533218 1583.9532838344574
13440 752.7749938436871 84.71496357917785 260.0961319208145 734.3814308643341 1220.1423627138138 1484.8432175636292
13500 665.8557902298153 89.13926949501038 205.16156870126724 603.682471036911 1079.8446319699287 1359.5159130096436
13560 610.4285346430729 81.6900882959366 214.43804371356964 528.109258055687 984.1989250779152 1290.6304697990417
13620 561.3386108776378 75.70197930335999 195.8734254837036 467.8805501461029 908.8304725885391 1191.8784808635712
13680 513.5560885212697 77.90731704235077 207.19636607170105 407.1983835697174 826.347458422184 1092.4373492002487
13740 469.4976013851085 80.56056499481201 201.8113044500351 397.028883934021 719.5416605472565 983.9230899810791
13800 430.7933040120641 81.20428075790406 200.81748914718628 390.26799511909485 633.1326770782471 874.8086324691773
13860 395.11233935754393 68.04890775680543 183.57976055145264 369.1902320384979 564.7884315252304 786.1202273845673
13920 380.4293388885286 72.72277412414553 174.1986358165741 367.92618203163147 569.3564639091492 707.5581283569336
13980 367.5716800626921 69.37535667419434 192.03214406967163 365.2517411708832 541.4558639526367 659.538605928421
14040 388.03670278652993 92.7540870666504 205.46520805358887 390.09748220443726 570.5948011875153 681.6312925338746
14100 437.17375115323756 129.61047852039337 244.09559720754623 439.75993502140045 634.4286142587662 753.2247685194016
14160 488.27425775100113 163.5946038246155 295.4577782154083 498.58060908317566 688.1791899204254 806.2331179618835
14220 522.110345140779 181.77155990600588 317.15625 529.3210711479187 731.4149819612503 859.8524719238281
14280 572.1409109388821 197.3531428337097 375.06284511089325 585.0274760723114 792.6672085523605 919.6364938259125
14340 600.0123967011364 187.15505380630495 384.834645986557 613.8565604686737 838.0709040164948 979.557634806633
14400 650.9402757701655 200.20341210365297 447.9138035774231 673.7646310329437 900.1229169368744 1031.4585426330566
14460 708.8388392361351 249.68138451576235 497.7475448846817 744.3679490089417 969.1262212991714 1097.8781943798065
14520 736.1276496453027 203.09350204467773 537.7244260311127 776.2967000007629 1014.4795808792114 1154.123024225235
14580 776.5604185511436 212.13472509384155 538.7113287448883 836.8543410301208 1079.4472665190697 1212.8536080121994
14640 816.2464879711644 237.63951110839844 604.694678068161 859.6656289100647 1106.4104120731354 1258.5376510620117
14700 862.2115569099985 258.6485960960389 610.0518649816513 918.7561089992523 1184.949810385704 1326.8272154808044
14760 859.9164784989233 210.70103359222412 520.3321888446808 921.8310618400574 1207.3273000717163 1374.9195774078369
14820 928.4583854339885 259.5199594736099 633.8227444887161 1006.9855568408966 1267.7418348789215 1430.229398751259
14880 963.2054432765372 254.9282850265503 607.097326040268 1054.6889998912811 1336.6137800216675 1498.8349472999573
14940 988.0746860117677 245.61240220069885 630.3682220578194 1077.9183210134506 1377.1859228610992 1538.5098683118822
15000 1034.5858609208922 268.9188150882721 667.9179229736328 1140.0991311073303 1433.7619700431824 1602.3413261413575
15060 1038.002142240703 260.4962107658386 627.9891849756241 1151.7731199264526 1447.4385228157043 1626.1380639076233
15120 1043.4584171407644 249.65503218173984 617.1134222745895 1174.8327590227127 1452.1681220531464 1626.4481003999713
15180 1033.1722540967307 223.01728701591492 590.8958960175514 1174.8620120286942 1440.3194447755814 1663.4592951297761
15240 1042.273198016863 220.68393585681915 561.6174250245094 1136.6766084432602 1462.6601339578629 1754.0302150011062
15300 1059.7908850177787 234.27725224494938 571.9645877480507 1104.8602499961853 1536.0609425902367 1813.8175895690918
15360 1079.2672398681043 217.0582148551941 543.6957831382751 1113.7604398727417 1626.8131420612335 1889.0280304431915
15420 1083.0145148155832 210.4502420425415 523.8923540711403 1098.3106529712677 1625.8564630150795 1928.8116985559464
15480 1090.1130846035985 199.78901290893555 501.0825926065445 1090.72043800354 1648.7321370244026 1987.361349105835
15540 1047.7487589058123 157.45770001411438 474.13718485832214 1052.3284890651703 1600.4101808071136 1928.078726053238
15600 985.6062645565486 107.60182011127476 431.26839339733124 995.6487444639206 1519.1631708145142 1849.578491616249
15660 891.2874808815787 94.3899760723114 342.5974580049515 850.1881430149078 1419.6971064805984 1770.400191450119
15720 819.9308386886347 100.62221117019654 264.8023347854614 779.3469099998474 1301.5280680656433 1667.2691887855528
15780 739.6335159655578 87.13765945434571 224.3478639125824 663.4186220169067 1217.2161544561386 1546.3715064048768
15840 690.6622690624071 102.60215663909912 242.76639103889465 607.2852411270142 1107.2090710401535 1438.0624921798706
15900 623.2508155992389 85.83703804016113 226.9365930557251 502.98441541194916 1011.2837208509445 1340.7131218671798
15960 573.19050458682 81.1129035949707 224.88976722955704 461.26997089385986 913.1540932655334 1226.6734170913696
16020 532.3193894721711 84.10910696983339 228.08213555812836 449.9657714366913 836.2685765028 1130.215920472145
16080 502.51308613311073 92.78539891242981 229.33967888355255 445.88340187072754 744.2061040401459 1024.9846734046937
16140 468.29779664431106 88.2192744255066 222.461030960083 436.32411193847656 669.2917108535767 920.3825263500214
16200 436.7589654337213 75.85791740417481 199.70348060131073 411.1084451675415 655.2548595666885 858.9729037284852
16260 425.0471637284034 81.00760698318481 211.84203100204468 415.69950008392334 634.0140841007233 764.2787928581238
16320 413.3939888842312 84.87630820274353 207.0628120303154 415.59214997291565 616.8132140636444 752.0755639553071
16380 452.74132572024854 113.40701689720154 239.89779901504517 448.3828639984131 663.9455865621567 804.687796497345
16440 507.42454048712773 162.75393323898317 288.9059321284294 509.95016050338745 733.8322860002518 863.3272326231003
16500 548.5864345962303 191.17239370346076 319.8244708776474 557.4168779850006 785.3306225538254 915.8373528718948
16560 598.5809208335917 224.66916368007662 372.469369828701 606.0899504423141 838.7148569226265 982.0061479091644
16620 634.3345475550283 234.70934009552008 418.5473749637604 644.9552979469299 876.5255870819092 1030.3480973243713
16680 675.2425265312195 212.20690116882324 434.61593794822693 685.7663469314575 949.962798833847 1090.4521131038666
16740 716.0619849755 216.85402767658235 477.5535578727722 731.9585498571396 997.6034499406815 1155.7358553886413
16800 754.5426037534259 223.7472744941712 520.5959360599518 784.3550488948822 1037.046175956726 1196.4427066802978
16860 799.6521185079773 253.8069097518921 563.4272457957268 837.4198750257492 1091.7726474404335 1259.3711944818497
16920 840.7094068886561 240.40476133823395 606.3817042708397 886.9750998020172 1157.1068863868713 1320.1113109588623
16980 868.4384917765038 251.87356390953065 616.7492095828056 911.9850895404816 1198.251360476017 1362.1335512399673
17040 917.5716955191608 249.16361622810365 658.356502532959 980.0561771392822 1262.781811952591 1430.4892060756683
17100 957.2956380373669 248.48707854747772 644.5315260887146 1021.9916344881058 1322.5282133221626 1493.4945377588272
17160 991.3247476833693 265.221097946167 681.581293463707 1061.397736787796 1363.6841784715652 1549.5446182250978
17220 1010.7496051196074 253.33905963897706 633.4307169914246 1088.6649079322815 1411.396525502205 1593.9417875766756
17280 1068.7227812111803 289.3063168525696 726.3634169101715 1160.4631769657135 1468.3232691287994 1653.6407101154327
17340 1102.0279796714767 285.8241137504578 723.5536179542542 1197.7721569538116 1530.064113497734 1701.219876909256
17400 1146.5059788016854 294.7477819919586 747.8247509002686 1267.9340620040894 1575.9696819782257 1770.756767988205
17460 1196.5301581122642 317.8285915851593 787.1247327923775 1319.856499671936 1636.081202864647 1834.7322635650635
17520 1205.308071318704 303.31119856834414 745.5907174944878 1332.518308520317 1672.299721956253 1869.012001991272
17580 1210.323772539695 324.19531390666964 757.4416199922562 1354.1295819282532 1679.3090510368347 1860.5474813699723
17640 1216.6429982497464 327.4504598617554 734.1027561426163 1370.7021219730377 1678.3047479391098 1904.6964066028595
17700 1188.1984485143132 227.81403741836547 644.4308239221573 1364.3678259849548 1674.6611346006393 1978.7877904891968
17760 1193.1460928064491 250.0851266860962 638.4533694982529 1298.5465955734253 1671.2871755957603 2037.51721971035
17820 1186.8105269003436 250.41485009193426 627.1872029304504 1211.8124799728394 1755.2191410064697 2089.4180399894713
17880 1214.4112972965436 265.07544898986816 632.96071600914 1233.3554980754852 1799.9742457866669 2146.666429042816
17940 1241.4009932449374 263.805078458786 601.8872772455215 1228.4108558893204 1911.3441600203514 2221.108341050148
18000 1254.1919361135785 252.54189109802246 617.8579440116882 1255.6381380558014 1882.9888913035393 2258.247805762291
18060 1273.614086092022 222.57745633125305 583.663232922554 1233.028382897377 1973.7882750034332 2343.182056903839
18120 1250.698911386635 177.81719551086425 558.7309899330139 1259.8186039924622 1917.2631821632385 2297.6382361412047
18180 1160.0380859111856 143.06254336833953 488.8465824127197 1161.8121020793915 1813.5733717679977 2177.2996312379837
18240 1051.9814435959643 112.54483404159548 385.24598002433777 1025.6497230529785 1691.612972021103 2059.1757509231566
18300 977.887368982927 104.72750794887543 316.6004755496979 939.9310209751129 1563.4955304861069 1972.3764550685883
18360 904.7410811563457 111.20538997650146 274.5825490951538 833.4832739830017 1449.030652999878 1858.962054014206
18420 842.1440058519302 98.28954551219941 270.56788063049316 752.4018338918686 1364.8880544304848 1768.4875618457795
18480 794.8798352027668 115.02776515483856 281.2030395269394 699.498850107193 1282.8026391267776 1647.599496603012
18540 739.3777036426264 111.04755799770355 270.73248106241226 627.1755149364471 1208.6910614967346 1537.5647923707963
18600 683.3099050933741 106.66833901405334 267.3306425213814 532.8375635147095 1081.228251516819 1443.401932477951
18660 662.3463193388004 101.40399193763733 270.0417948961258 546.8748168945312 1049.0046335458755 1362.4390060901642
18720 586.5874542118115 83.66822938919067 248.04985415935516 517.7845749855042 886.118509054184 1217.849999046326
18780 565.424559289917 104.61562595367431 252.79967188835144 524.806468963623 842.3431529998779 1134.3979935646057
18840 523.8973130444647 97.76455521583557 235.03353810310364 490.8633689880371 754.7578020095825 1033.5945630073547
18900 491.3931704654175 96.5928255558014 227.71023774147034 478.02571403980255 717.1519742012024 937.3353434801102
18960 487.90602806785796 94.32664623260499 251.19835352897644 486.1210880279541 724.6945104598999 864.405990934372
19020 473.46457669209104 86.82351899147034 222.82277989387512 468.29722595214844 727.5305199623108 858.0406460762024
19080 518.8256748066248 124.98636746406557 261.75501984357834 515.843358039856 775.1084784269333 920.4044149875641
19140 566.7590168947479 162.24810979366302 299.4853391647339 564.6062004566193 828.1360971331596 980.0628619194031
19200 617.1166987446551 202.326606464386 351.6997628211975 627.7647831439972 890.2167630195618 1028.484774065018
19260 653.7109638160509 222.5497860431671 392.0022875070572 665.622889995575 925.3222795724869 1081.0514672279357
19320 689.2333259462245 261.1998369693756 429.4738877415657 687.1782464981079 973.6825579404831 1128.688159942627
19380 727.3300008320564 241.2102797985077 449.32229804992676 748.4623711109161 1020.642263174057 1187.5065149784089
19440 773.641604639531 224.59465775489807 509.47071290016174 796.10351395607 1075.422354221344 1254.3927323818207
19500 811.6680724806162 241.96326732635498 540.0505838394165 847.7726429700851 1124.6906744241714 1304.640841937065
19560 856.30011790543 286.32437658309937 593.3636565208435 884.3140530586243 1177.6519755721092 1361.2849078178406
19620 899.0255230409313 268.5598891496658 634.3980903029442 938.0204030275345 1247.8190214037895 1421.1998425245283
19680 944.7556281259518 288.53141505718236 682.2021318078041 975.9537150859833 1288.1659668684006 1474.6092153310776
19740 973.8598564880822 282.2038439750672 694.1465425491333 1027.9188849925995 1336.935261130333 1528.1761713981628
19800 1017.9031268510671 293.86067547798154 748.0100750923157 1071.308737039566 1390.728168964386 1588.3940589904787
19860 1049.8515115664975 289.87176754474643 731.4035912156105 1118.396183013916 1446.3011117577553 1639.6490900993347
19920 1105.776747143714 329.4090528964997 795.1303464174271 1168.5055758953094 1502.5018988847733 1704.126736021042
19980 1122.5741388324805 290.4530825614929 724.8224474787712 1209.589203596115 1556.476255118847 1761.0338430404663
20040 1187.0103646266607 342.47681283950806 846.3310601711273 1269.4998898506165 1603.9558379650116 1828.9602343559266
20100 1220.70693680162 370.73091826438906 809.4840409755707 1316.9077460765839 1678.2775659561157 1886.0087553024293
20160 1232.4611458638274 278.2451852798462 773.278913974762 1354.5087888240814 1719.2013750076294 1939.302521753311
20220 1284.693984238351 356.3035726547242 882.0315583348274 1386.7386764287949 1750.802456498146 1978.3577828168868
20280 1350.1679931397105 366.2428854703903 881.9755410552025 1478.6626850366592 1860.786978662014 2065.493532896042
20340 1380.796223014526 371.1972667217255 900.7789534330368 1515.4004969596863 1918.7905039787292 2124.6666745662687
20400 1380.4450031632578 375.388707971573 889.2486616373062 1533.0177599191666 1893.5990715026855 2104.075412249565
20460 1337.5836976043063 311.9296109676361 793.7779449820518 1501.7659853696823 1866.227358520031 2102.353138566017
20520 1379.293563799193 306.6244632959366 853.5141112208366 1564.143541932106 1900.4806761741638 2159.2816316366197
20580 1302.9739807439096 251.96839265823374 744.3755311965942 1454.6683621406555 1845.1561378836632 2155.421970796585
20640 1356.815269606473 272.1511829853058 709.6479930877686 1472.6999859809875 1911.245141029358 2316.207706546784
20700 1356.0891918241307 270.06506378650664 688.5505641102791 1430.7934836149216 1977.7973811626434 2371.0501981019975
20760 1385.654888176627 252.2288248538971 691.1547300815582 1425.7839958667755 2054.1008558273315 2433.86621594429
20820 1363.8468729956282 265.131242108345 671.0467742681503 1337.8711440563202 2074.8592516183853 2467.8171004056935
20880 1392.482739762661 273.2624114990235 685.3663194179535 1396.2528009414673 2108.8763715028763 2527.941428565979
20940 1455.0702569670457 298.63497047424335 698.6732261180878 1503.9774270057678 2173.9125640392303 2596.721325302124
21000 1466.1202578623402 267.06221759319305 708.7217606902122 1487.2458109855652 2199.504649400711 2633.0360374450684
21060 1407.2357176746452 209.26984968185425 621.9507187604904 1404.1151515245438 2211.0719799995422 2584.004891633988
21120 1326.4606300278251 160.98690116405493 600.9720705151558 1331.0374574661255 2040.639101922512 2455.83939204216
21180 1212.327591232879 116.20960645675659 452.5987114906311 1205.9591460227966 1915.943490743637 2385.4788071870803
21240 1151.0292149416625 126.68118538856507 413.68208503723145 1090.260637998581 1863.9164350032806 2281.1014914035795
21300 1053.1387928504234 113.0264184474945 312.1266912817955 930.539409995079 1733.0198086500168 2204.575549006462
21360 996.4504237054659 134.23481857776642 311.10504472255707 897.283262014389 1611.419515132904 2055.3461819171907
21420 961.9601116957075 128.9761308670044 315.4567620754242 895.9582290649414 1519.2898771762848 2005.9454726696015
21480 885.9286043372944 132.30249373912812 298.3731316924095 703.5289551019669 1473.8558400273323 1884.480552506447
21540 813.3278633613328 113.41911683082583 292.149019241333 631.390404343605 1308.1335607767105 1758.4023387908937
21600 835.1198817421691 144.4524028301239 342.93885564804077 688.3480961322784 1362.8884571790695 1732.6223561763766
