0 3 12385 3243 
1 8 60388 47556 
2 10 70876 176617 
3 9 68105 268837 27743
4 15 62888 388336 27743
5 12 59887 490207 49555
6 12 60500 597387 49555
7 12 53021 676999 75650
8 9 68828 746885 75650
9 15 58120 832498 96876
10 9 67079 902727 111026
11 15 58147 1005939 111026
12 12 58892 1099537 117681
13 12 59420 1188135 119899
14 12 62888 1256568 136189
15 9 73967 1313210 144494
16 12 66133 1398125 144494
17 15 61621 1496435 147981
18 9 73337 1564316 153212
19 12 83348 1638282 153212
20 15 110389 1705567 159103
21 12 152521 1746644 182669
22 9 125307 1851324 182669
23 12 152372 1866488 216412
24 15 116251 1985714 231993
25 9 135046 1999579 288811
26 15 118248 2102839 288811
27 9 136842 2111970 348666
28 12 107316 2213352 352739
29 12 143558 2258551 353153
30 12 131449 2361565 353291
31 15 164700 2411413 361319
32 9 125099 2536663 366671
33 15 185467 2545499 377938
34 9 226644 2577138 397060
35 15 216629 2682911 397060
36 12 257247 2733561 397060
37 12 266056 2772269 435936
38 12 329568 2800126 444040
39 9 338916 2875734 444040
40 12 282972 3007798 444040
41 15 375194 3007798 444040
42 9 420327 3007829 483813
43 12 394821 3026341 572692
44 15 426295 3103762 574544
45 12 382523 3251914 574544
46 9 421245 3287062 574544
47 12 493023 3287062 574544
48 15 577399 3287076 585810
49 9 523681 3287199 727029
50 15 588531 3289231 759080
51 12 606376 3380829 759080
52 9 569785 3497508 759080
53 12 536534 3612289 759080
54 15 585256 3657140 759080
55 12 678962 3657140 759080
56 9 752638 3657140 759080
57 15 796012 3657184 801499
58 12 705869 3657324 991121
59 9 762821 3657327 1020787
60 12 787151 3718422 1020787
61 12 745585 3851385 1020787
62 15 701251 3999573 1020787
63 12 680162 4120104 1020787
64 9 747749 4127230 1020787
65 15 830556 4127230 1020787
66 12 926518 4127230 1020787
67 12 1011105 4127230 1020787
68 12 968603 4127330 1149450
69 12 876826 4127430 1330186
70 12 950558 4129764 1353029
71 12 955211 4220074 1353029
72 9 919303 4336280 1353029
73 15 880176 4468551 1353029
74 12 834364 4617898 1353029
75 12 836262 4702101 1353029
76 9 909294 4702632 1353029
77 15 992122 4702632 1353029
78 12 1086670 4702632 1353029
79 9 1160680 4702632 1353029
80 15 1233144 4702642 1362738
81 9 1173534 4702741 1508412
82 15 1066786 4702828 1703198
83 12 1116895 4705074 1759202
84 12 1123278 4793880 1759202
85 12 1082245 4925860 1759202
86 12 1041928 5058219 1759202
87 9 1005862 5174337 1759202
88 15 966055 5305600 1759202
89 9 981568 5374942 1759202
90 15 1063743 5374942 1759202
91 12 1154734 5374942 1759202
92 12 1239698 5374942 1759202
93 12 1323135 5374942 1759202
94 9 1395982 5374942 1759202
95 12 1454558 5374955 1773294
96 15 1356175 5375072 1968647
97 9 1234225 5375172 2178126
98 12 1262295 5375114 2233320
99 15 1295339 5449672 2233320
100 12 1249968 5596926 2233320
101 12 1208412 5728740 2233320
102 9 1173855 5843953 2233320
103 12 1137311 5959033 2233320
104 15 1098419 6101015 2233320
105 12 1144221 6145739 2233320
106 9 1219314 6145739 2233320
107 12 1290478 6145739 2233320
108 12 1369790 6145739 2233320
109 12 1454756 6145739 2233320
110 15 1546045 6145739 2233320
111 12 1638690 6145739 2233320
112 9 1670211 6145773 2274770
113 15 1553402 6145885 2478116
114 9 1430768 6145989 2686548
115 12 1421502 6145942 2776613
116 12 1520776 6145942 2776613
117 12 1559484 6202856 2776613
118 12 1520039 6333548 2776613
119 15 1474545 6480553 2776613
120 9 1434552 6612257 2776613
121 15 1393745 6742497 2776613
122 9 1353717 6875097 2776613
123 12 1317216 6989437 2776613
124 12 1323130 7066635 2776613
125 12 1401275 7066635 2776613
126 15 1496166 7066635 2776613
127 9 1571953 7066635 2776613
128 12 1645158 7066635 2776613
129 12 1729827 7066635 2776613
130 15 1820266 7066635 2776613
131 12 1911760 7066635 2776613
132 9 1982260 7066635 2776613
133 15 1917633 7066692 2926869
134 12 1780516 7066798 3159934
135 12 1664293 7066854 3362046
136 9 1682251 7066793 3425498
137 15 1779697 7068205 3425498
138 9 1801647 7139466 3425498
139 12 1763933 7253721 3425498
140 15 1718488 7401001 3425498
141 12 1672092 7548352 3425498
142 9 1636696 7662691 3425498
143 12 1599988 7776084 3425498
144 15 1552319 7923326 3425498
145 12 1503743 8069891 3425498
146 12 1515856 8136648 3425498
147 9 1582969 8136648 3425498
148 12 1657549 8136648 3425498
149 15 1750192 8136648 3425498
150 12 1834423 8136648 3425498
151 12 1920663 8136648 3425498
152 9 1992943 8136648 3425498
153 15 2072459 8136648 3425498
154 9 2154155 8136648 3425498
155 15 2232338 8136648 3425498
156 12 2283213 8136662 3467723
157 12 2172941 8136738 3662428
158 12 2051333 8136813 3869857
159 12 1928978 8136866 4077723
160 9 1908016 8136776 4178741
161 12 1993600 8136776 4178741
162 15 2026517 8207924 4178741
163 12 1979606 8353964 4178741
164 9 1941877 8467647 4178741
165 12 1906366 8581440 4178741
166 12 1863677 8712285 4178741
167 12 1823282 8843090 4178741
168 15 1775912 8989424 4178741
169 9 1733812 9119614 4178741
170 15 1692072 9249384 4178741
171 9 1684326 9338159 4178741
172 12 1748098 9338159 4178741
173 15 1839848 9338159 4178741
174 9 1925154 9338159 4178741
175 15 2000044 9338159 4178741
176 12 2085824 9338159 4178741
177 9 2159302 9338159 4178741
178 15 2241796 9338159 4178741
179 12 2330648 9338159 4178741
180 9 2403293 9338159 4178741
181 12 2472719 9338159 4178741
182 12 2551834 9338159 4178741
183 12 2585294 9338179 4227532
184 15 2457239 9338252 4449937
185 12 2319577 9338320 4682926
186 9 2212657 9338379 4863642
187 15 2152844 9338324 5011520
188 12 2248462 9338270 5023561
189 9 2335113 9338270 5023561
190 12 2361975 9392224 5023561
191 15 2312453 9537270 5023561
192 9 2271046 9666493 5023561
193 12 2234001 9780342 5023561
194 15 2185791 9925642 5023561
195 9 2144385 10056193 5023561
196 15 2100924 10185443 5023561
197 12 2053276 10331291 5023561
198 12 2009978 10460315 5023561
199 12 1968153 10589665 5023561
200 12 1931604 10709298 5023561
201 9 1972481 10732278 5023561
202 15 2046733 10732278 5023561
203 9 2128034 10732278 5023561
204 15 2212200 10732278 5023561
205 12 2297423 10732278 5023561
206 12 2370414 10732278 5023561
207 12 2453015 10732278 5023561
208 12 2537283 10732278 5023561
209 12 2618064 10732278 5023561
210 9 2683983 10732278 5023561
211 15 2767605 10732278 5023561
212 9 2844665 10732278 5023561
213 15 2922065 10732278 5023561
214 12 2997052 10732280 5037324
215 12 2910807 10732325 5205585
216 12 2789671 10732378 5411199
217 9 2682394 10732414 5591220
218 12 2575316 10732462 5772078
219 15 2471373 10732442 5971945
220 9 2535451 10732355 6002312
221 15 2629916 10733125 6002312
222 9 2653171 10801133 6002312
223 12 2615407 10914509 6002312
224 15 2567168 11058991 6002312
225 12 2519617 11204098 6002312
226 9 2480588 11317190 6002312
227 12 2443925 11430983 6002312
228 15 2395328 11575723 6002312
229 9 2351876 11704739 6002312
230 15 2306981 11834110 6002312
231 12 2257258 11979496 6002312
232 12 2213948 12108569 6002312
233 9 2173585 12221005 6002312
234 15 2175662 12298944 6002312
235 9 2244538 12301979 6002312
236 15 2318375 12301979 6002312
237 9 2400998 12301979 6002312
238 15 2482021 12301979 6002312
239 12 2571694 12301979 6002312
240 12 2641492 12301979 6002312
241 12 2715640 12301979 6002312
242 12 2799125 12301979 6002312
243 9 2871765 12301979 6002312
244 15 2951580 12301979 6002312
245 9 3024179 12301979 6002312
246 15 3106701 12301979 6002312
247 9 3184796 12301979 6002312
248 15 3260065 12301979 6002312
249 9 3334971 12301979 6002312
250 15 3411512 12301979 6002312
251 9 3411337 12301997 6082192
252 12 3305041 12302032 6260417
253 15 3167770 12302081 6489341
254 9 3046155 12302127 6694284
255 15 2925066 12302159 6897172
256 12 2828528 12302089 7088571
257 9 2895445 12301993 7102738
258 12 2980252 12301993 7102738
259 12 3017643 12353857 7102738
260 12 2973483 12481764 7102738
261 12 2929346 12609324 7102738
262 15 2878922 12753885 7102738
263 9 2836033 12881818 7102738
264 15 2790544 13010634 7102738
265 9 2747640 13139416 7102738
266 12 2707187 13252165 7102738
267 15 2657090 13396999 7102738
268 12 2606142 13541207 7102738
269 12 2560329 13669946 7102738
270 9 2521620 13782175 7102738
271 15 2476212 13910847 7102738
272 9 2433078 14038894 7102738
273 12 2452260 14084171 7102738
274 12 2521255 14084171 7102738
275 12 2593188 14084171 7102738
276 12 2671706 14084171 7102738
277 12 2752175 14084171 7102738
278 15 2842749 14084171 7102738
279 9 2915450 14084171 7102738
280 12 2977877 14084171 7102738
281 15 3060237 14084171 7102738
282 9 3139867 14084171 7102738
283 15 3221903 14084171 7102738
284 9 3301996 14084171 7102738
285 12 3366377 14084171 7102738
286 12 3439558 14084171 7102738
287 15 3530609 14084171 7102738
288 9 3604173 14084171 7102738
289 15 3680049 14084171 7102738
290 9 3754467 14084171 7102738
291 15 3828371 14084171 7102738
292 12 3858589 14084181 7161376
293 12 3742528 14084208 7356395
294 12 3620058 14084241 7560252
295 12 3498867 14084276 7763104
296 12 3376218 14084314 7967195
297 9 3269177 14084334 8145292
298 15 3178963 14084256 8318370
299 9 3239379 14084148 8348594
300 15 3331636 14084148 8348594
301 12 3436660 14084285 8348594
302 12 3440303 14164912 8348594
303 9 3401169 14276496 8348594
304 15 3355917 14404024 8348594
305 12 3304477 14547616 8348594
306 9 3266936 14659809 8348594
307 15 3220525 14787469 8348594
308 9 3175247 14915218 8348594
309 15 3129929 15042872 8348594
310 12 3076758 15186729 8348594
311 9 3036921 15298593 8348594
312 12 2994267 15410589 8348594
313 12 2947807 15538786 8348594
314 15 2895603 15682013 8348594
315 9 2848565 15810041 8348594
316 15 2803209 15936751 8348594
317 9 2755733 16063686 8348594
318 12 2764037 16121433 8348594
319 12 2833653 16121433 8348594
320 12 2900524 16121433 8348594
321 15 2985668 16121433 8348594
322 12 3073857 16121433 8348594
323 12 3153782 16121433 8348594
324 9 3221792 16121433 8348594
325 12 3283913 16121433 8348594
326 12 3353008 16121433 8348594
327 15 3432650 16121433 8348594
328 12 3518752 16121433 8348594
329 12 3598804 16121433 8348594
330 12 3677451 16121433 8348594
331 9 3745924 16121433 8348594
332 15 3814594 16121433 8348594
333 12 3898947 16121433 8348594
334 9 3968705 16121433 8348594
335 12 4030756 16121433 8348594
336 15 4112991 16121433 8348594
337 12 4195901 16121433 8348594
338 9 4256905 16121433 8348594
339 15 4336609 16121433 8348594
340 9 4321373 16121449 8439025
341 15 4198786 16121477 8640605
342 12 4061231 16121499 8867147
343 9 3954233 16121522 9044198
344 12 3848357 16121542 9219276
345 15 3712035 16121567 9443951
346 9 3591291 16121583 9642837
347 12 3542819 16121420 9764069
348 12 3626577 16121360 9770481
349 12 3717261 16121360 9770481
350 15 3820603 16121360 9770481
351 12 3836816 16199808 9770481
352 9 3795461 16311272 9770481
353 15 3749174 16437492 9770481
354 9 3701300 16564416 9770481
355 12 3661489 16676246 9770481
356 15 3608606 16817719 9770481
357 12 3556098 16961040 9770481
358 12 3509246 17088668 9770481
359 12 3461655 17215199 9770481
360 6 3426890 17310333 9770481
