0 13.282468928607909 3.1790030002593994 5.715601205825806 11.712862968444824 19.72260284423828 26.760616064071655
60 42.81097343476157 13.920325994491577 27.099329948425293 42.296911001205444 58.897419929504395 71.41122007369995
120 69.74342509248922 22.385040998458862 41.370123863220215 66.81611895561218 97.32286810874939 118.66403007507324
180 104.40585773512 38.01962494850159 69.69977807998657 103.17729592323303 142.45821595191956 170.80907487869263
240 132.17371265949885 37.7215940952301 74.40747904777527 136.81519103050232 185.0439109802246 223.55752396583557
300 166.77487386270644 55.92744994163513 96.91764307022095 170.2551519870758 233.36393254995346 277.66897988319397
360 194.9196800905578 50.66451382637024 110.92123579978943 196.46430802345276 281.4401729106903 330.539253950119
420 231.32057719637376 71.11434006690979 129.84649801254272 232.88147902488708 331.8029658794403 386.21514201164246
480 261.30439607832756 68.32021999359131 148.43454694747925 267.59214186668396 381.01283717155457 439.4635579586029
540 299.35608185975644 87.22560095787048 178.7529420852661 309.71087098121643 431.5462100505829 494.9388523101807
600 330.7200768882821 93.07389402389526 188.66970491409302 339.55198192596436 479.42822885513306 549.9196774721147
660 359.5039169488594 82.64679598808289 203.19442009925842 369.10706996917725 524.0406585931778 604.641175031662
720 392.5302192132887 94.71731781959534 218.7967767715454 404.80263209342957 572.6101770401001 660.9285850524902
780 421.93094763167426 101.52339699268342 218.99495196342468 440.3959641456604 617.0534543991089 715.9836049079895
840 458.20255581845174 115.60036613941195 245.84947109222412 480.4058678150177 665.9974730014801 772.9388480186462
900 490.3828069156771 125.12622404098511 265.6200239062309 509.3645099401474 715.9167722463608 829.9730980396271
960 519.7303878289362 122.30680108070374 283.6003420352936 534.5369789600372 762.2656819820404 885.8235750198364
1020 550.6744305326735 128.37649693489075 298.3296649456024 568.2745010852814 812.4066109657288 940.3382699489594
1080 581.5894014825108 135.91991090774536 316.92517614364624 602.4164621829987 862.1254839897156 997.0900321006775
1140 618.3399125564526 155.9215121269226 343.805242061615 636.679605960846 911.6084659099579 1053.956510066986
1200 657.5900545416887 171.93672704696655 363.2760498523712 664.6504848003387 967.0907051563263 1112.8803578376771
1260 702.2230518433425 203.32293701171875 396.1047990322113 709.4625464677811 1018.904214322567 1169.0637760162354
1320 726.4978066036936 200.57752981185914 403.8974471092224 735.7920789718628 1061.16144490242 1224.9558894634247
1380 765.6296863881329 203.99736189842224 434.31737303733826 778.5406091213226 1111.9567139148712 1282.9523448944092
1440 799.90930324355 219.73104000091553 453.4213309288025 817.0118730068207 1163.4126861095428 1342.1288850307465
1500 841.06175253504 258.77837800979614 491.31491708755493 860.2631760835648 1208.134733915329 1397.045536994934
1560 869.4072664693383 237.58985714912416 504.7613830566406 892.4503979682922 1257.2045900821686 1451.4357161521912
1620 917.1578585379121 272.56974020004276 544.9311108589172 944.1695380210876 1314.4993269443512 1511.7857739925385
1680 945.377272818789 273.38957996368407 565.4798554778099 972.6191165447235 1361.0310809612274 1565.8753969669342
1740 969.7483720301109 259.35473380088814 552.8007943630219 1000.2636110782623 1411.7559597492218 1621.6068329811096
1800 994.7759233855863 231.67189431190494 575.9585108757019 1030.6262469291687 1456.5882561206818 1677.7455926418304
1860 1037.5659835683352 255.49236702919006 617.298960506916 1078.6906954050064 1512.56274664402 1734.1371290683746
1920 1058.9003053620609 221.26117610931396 588.6053819656372 1104.6983144283295 1560.013687133789 1788.6434450149536
1980 1111.2360889673962 272.53854818344115 642.1656849384308 1154.3191080093384 1615.892366886139 1846.7068350315094
2040 1157.85292192952 321.20088326931 685.4806289672852 1197.4295449256897 1673.2694444060326 1905.174979543686
2100 1164.2235714595388 276.899551987648 651.1988759040833 1205.3811659812927 1701.734207868576 1950.8268690109253
2160 1211.214499255343 322.49466609954834 684.3118419647217 1253.5670821666718 1754.1720490455627 2015.9666849613188
2220 1255.30911886853 366.28843688964844 724.6311330795288 1303.8235329389572 1808.753566980362 2068.890021085739
2280 1303.0173709394162 409.67027726173404 764.1112040877342 1352.4828479290009 1860.3219673633575 2130.444298243523
2340 1321.7249669770301 367.75466203689575 733.595871925354 1382.3286709785461 1902.8932070732117 2182.639014005661
2400 1344.8662215652696 378.46951470375063 716.8755353093147 1400.9669499397278 1950.3318929672241 2236.9911068439483
2460 1403.198830715069 432.79953708648685 774.2199149131775 1459.0124180316925 2010.746216058731 2295.188908100128
2520 1453.5786412212176 484.36670780181885 826.9022921323776 1509.1043741703033 2065.821969985962 2354.0721979141235
2580 1510.8555533789556 531.5494902610778 883.3557410240173 1572.5357449054718 2124.0919530391693 2411.271690011024
2640 1534.0204087575773 492.8305780649185 913.9457288980484 1599.1224489212036 2172.157711982727 2470.2939898967743
2700 1532.1836558106672 471.28905372619647 871.524463891983 1606.326012134552 2198.571212053299 2515.7141880512236
2760 1584.084712547372 519.7800869941711 921.6878395080566 1655.9833619594574 2260.9298790693283 2577.4973389148713
2820 1645.2207356873596 577.83405418396 985.4937708377838 1722.815957069397 2319.4508950710297 2636.6669919490814
2880 1703.365926005581 632.7005093812943 1040.7522908449173 1774.3333954811096 2392.321304023266 2700.5194279670714
2940 1768.7758481431529 698.3075235843659 1103.3031404614449 1845.1800088882446 2449.938039124012 2760.9909111738207
3000 1815.6490537907287 749.8762572288513 1154.8593368530273 1890.2748470306396 2487.58270406723 2810.700849056244
3060 1834.4730286238569 720.2280999422073 1173.1184439659119 1899.6276755332947 2528.3239517211914 2870.6225533485413
3120 1842.879037102869 645.3801982402802 1143.6494809389114 1913.7184329032898 2567.9879134893417 2926.8676459789276
3180 1848.9657824228996 596.6167979240417 1137.6622290611267 1938.5157248973846 2606.235029935837 2983.0177850723267
3240 1901.1288671996042 645.9703561067581 1175.1532740592957 1989.3246901035309 2666.1480841636658 3039.548583984375
3300 1957.341345153371 701.5896155834198 1229.364886045456 2039.4903230667114 2726.43420958519 3100.9775071144104
3360 2017.7821748334466 762.3531489372253 1297.3062491416931 2108.821834087372 2785.78036403656 3162.2652430534363
3420 2080.57056063509 823.3654783248902 1361.6270921230316 2167.4758194684982 2841.651577949524 3219.8497460842136
3480 2138.4720731171587 881.206749367714 1417.0364332199097 2224.0375134944916 2904.373827934265 3283.4150941371918
3540 2193.2222158164113 930.5887155532837 1463.6257325410843 2283.851362466812 2956.3581330776215 3337.3351469039917
3600 2210.556258780067 900.1268774986268 1431.540090084076 2293.94345498085 3005.2527520656586 3394.02382941246
3660 2209.66884120463 816.1535659074783 1437.5771939754486 2295.17352104187 3046.233950138092 3446.2996711730957
3720 2202.0667207363203 737.6836020946503 1400.826894402504 2288.696208000183 3080.9612669944763 3494.962077856064
3780 2208.8580269929084 700.5921300888062 1376.0518245100975 2287.935483455658 3113.9620777368546 3553.1657888889313
3840 2287.528720127012 773.200532913208 1471.6773810386658 2379.060970067978 3194.307025909424 3617.0837259292603
3900 2337.0099169001955 832.6809248924255 1504.0791788697243 2419.397775053978 3249.7437163591385 3671.6045501232147
3960 2401.4664799778284 890.5464776039123 1579.2420403957367 2480.343292593956 3303.7039108276367 3734.2367980480194
4020 2451.3242003551663 936.908567905426 1626.0345295667648 2531.358829975128 3351.902489542961 3789.176102876663
4080 2525.3900367430188 993.2392455339432 1689.7879171967506 2615.2448370456696 3438.227939426899 3857.3247339725494
4140 2567.148320764843 1060.763830804825 1722.0791140794754 2644.7283911705017 3472.677428007126 3909.6553070545197
4200 2648.56607845465 1126.9200179576874 1838.7318088412285 2738.1221380233765 3554.4318509101868 3978.714857745171
4260 2656.344524976465 1082.482089996338 1791.2722471952438 2749.9939889907837 3590.8594036102295 4032.7423419952393
4320 2634.285360529943 983.5773470401764 1708.8992879390717 2718.3701939582825 3625.383371114731 4078.262840986252
4380 2636.3154421211457 918.8846524000169 1691.9521037340164 2697.9870339632034 3656.756898880005 4129.777438211441
4440 2622.5206529330526 849.464089012146 1625.2866839170456 2717.3516459465027 3683.2717525959015 4172.001341295242
4500 2663.1886453928646 826.6178917884827 1634.1109765768051 2776.2181918621063 3759.462972342968 4242.3314194440845
4560 2718.2496139602745 893.9965249538423 1705.4800399541855 2836.8775069713593 3807.2854449748993 4296.620363807679
4620 2765.641238899397 944.9571468830109 1727.5255224704742 2882.370096921921 3860.790642976761 4358.571249628068
4680 2830.8033042661095 995.1624873399735 1809.340790629387 2944.708512067795 3926.7408616542816 4416.701390028
4740 2885.779988625722 1069.9826146364212 1836.9661288261414 2997.789848089218 3993.8325588703156 4479.907246470451
4800 2963.0971709581927 1144.121578359604 1930.7132691144943 3072.651736974716 4061.9296004772186 4544.531299352646
4860 3011.346388304444 1193.776497077942 1994.6661999225616 3125.1039741039276 4101.490149974823 4590.6719183444975
4920 3069.9345447675837 1249.3736999988555 2043.624231338501 3181.042750120163 4166.937147855759 4654.398008298874
4980 3121.5804163219923 1308.7673070907592 2099.7346229553223 3227.9007651805878 4210.562280893326 4710.81552195549
5040 3129.7698056284407 1248.928224682808 2070.36241209507 3234.474972486496 4264.789924621582 4757.7570329904565
5100 3134.4885798852965 1185.2072532653808 2031.9809720516205 3259.042746782303 4306.478828191757 4822.268299818039
5160 3125.6986077744446 1103.058184504509 1984.703033566475 3272.9447724819183 4339.406222522259 4867.296617150307
5220 3126.190136348291 1037.4684819698334 1938.754073858261 3295.741572856903 4361.322417974472 4921.245977973938
5280 3108.249808859892 970.5671695947649 1866.85150629282 3281.296903014183 4385.542521297932 4964.5409258842465
5340 3138.9272132152755 977.489035987854 1868.543130517006 3300.0009758472443 4454.565724015236 5032.528048992157
5400 3214.104110102466 1043.174428844452 1971.0621910095215 3389.951292991638 4505.244603514671 5089.494956970215
5460 3287.226411583549 1108.3557816505433 2032.1280369758606 3478.38862490654 4580.605801105499 5155.017966032028
5520 3321.6327009645283 1148.6909370183946 2047.8519376516342 3493.60557448864 4637.816610097885 5208.028573036194
5580 3398.4583332690245 1237.8822609186172 2154.275064945221 3579.195697903633 4701.228012800217 5262.186172962189
5640 3458.6876144537673 1266.6460381269455 2182.508716106415 3637.8748960494995 4772.15920996666 5333.297914981842
5700 3512.3769601359068 1333.4078719615936 2238.753002643585 3699.310893058777 4814.623238801956 5398.450684070587
5760 3581.4373679060795 1406.1710124492645 2315.833192050457 3766.3324785232544 4886.9300100803375 5458.910667324067
5820 3620.7187231566177 1467.3907399177551 2361.6295035481453 3797.3348339796066 4920.138808965683 5503.8322739601135
5880 3688.7907168237793 1511.2602961063385 2433.414199888706 3860.6514743566513 4990.556569099426 5572.583814358712
5940 3705.5866939186176 1488.765370845795 2427.8654865026474 3897.510022878647 5039.696621775627 5629.175570678711
6000 3691.193494611424 1386.3625792503358 2367.1880470514297 3879.1549079418182 5071.101237535477 5686.174066638947
6060 3679.2190171576804 1306.242909026146 2305.666713297367 3853.219099998474 5122.654784917831 5740.4432251214985
6120 3658.360462351074 1231.6985352039337 2259.969078540802 3879.958464026451 5119.096558094025 5768.03473405838
6180 3640.721242681803 1151.9512711048128 2173.81244879961 3860.3251025676727 5148.712273657322 5842.883301830291
6240 3638.3544621942037 1087.7560436010363 2122.0319741368294 3846.6180050373077 5208.838674902916 5888.213592600822
6300 3701.175340014388 1128.1022779941559 2188.9422159194946 3926.374148964882 5288.282503724098 5960.1842321157455
6360 3749.2707188415447 1184.6988984107973 2219.124499797821 3961.5283949375153 5327.54896402359 6014.1453251361845
6420 3833.098834670658 1257.3084878921509 2318.3705456256866 4066.2704550027847 5416.467223167419 6075.811412096024
6480 3909.6609699975684 1331.499102973938 2404.182163953781 4157.33798289299 5471.312101364136 6130.304913520813
6540 3957.380854268334 1397.030595111847 2463.901482820511 4206.131031036377 5518.945030927658 6191.232247829437
6600 4006.579531157148 1467.1251874446868 2510.6282439231873 4217.748743057251 5573.642528057098 6247.442860126495
6660 4063.5160331259626 1511.6203251838683 2554.6003559827805 4293.489903926849 5632.87154507637 6309.4323478698725
6720 4113.792133470602 1550.327482318878 2582.0795506238937 4352.303786993027 5681.154410004616 6375.341568088532
6780 4164.526111235863 1618.8714027643205 2657.799699783325 4352.419644474983 5735.101224064827 6407.323484778406
6840 4240.083812328564 1664.3861164808275 2723.947039425373 4468.048819422722 5819.390978097916 6495.202023983002
6900 4301.0695015989895 1737.6221661567688 2777.4053678512573 4526.368707895279 5866.615090847015 6534.3283450603485
6960 4346.629656280547 1768.6000921726227 2809.4103269577026 4595.5668251514435 5917.763521909714 6611.916952133179
7020 4370.9256112804305 1764.7170797348022 2831.985097527504 4590.863072872162 5977.154944062233 6665.295314073563
7080 4371.332774193909 1655.7314342975617 2788.0845144987106 4613.227550983429 6025.50375854969 6706.321667909622
7140 4328.987218328954 1557.552308034897 2702.9394801855087 4534.637458086014 6038.747042059898 6767.847822451592
7200 4345.095945004791 1484.94309592247 2696.8837636709213 4594.679663896561 6097.17765045166 6813.484074401857
7260 4321.414574328784 1424.8254969120026 2620.0510120391846 4547.124380111694 6109.792297005653 6856.519363355637
7320 4320.601035285267 1332.6739418506622 2557.0258359909058 4563.476520061493 6148.417235851288 6912.504153013229
7380 4302.149620113166 1276.7207236289978 2490.2020998597145 4533.869508981705 6174.312041640282 6955.899909615517
7440 4329.054355446566 1301.5609343767167 2514.231776535511 4549.647368550301 6219.583549022675 7007.538139104843
7500 4407.133424126835 1343.1502192020416 2579.3282558918 4626.324669837952 6301.105556964874 7083.606203365326
7560 4442.449749898048 1399.4393743515016 2614.157315969467 4638.828706979752 6345.8539164066315 7129.964228391647
7620 4524.004229023662 1481.3482718467712 2697.878455877304 4730.14285492897 6428.404425859451 7217.114610815049
7680 4581.5396693952 1533.7316906929016 2793.090265572071 4793.878487467766 6471.452590167522 7256.571640014648
7740 4635.0757755934255 1612.6071710586548 2837.6423211097717 4851.082231998444 6519.674504995346 7293.979207038879
7800 4717.669955421721 1701.9516789913177 2909.197347164154 4938.473465204239 6602.937982082367 7384.893127202988
7860 4740.04198554329 1722.5910539627075 2912.5846021175385 4896.675972938538 6651.778690457344 7447.568120956421
7920 4818.907950183574 1791.4870538711548 3009.7239830493927 5039.970612049103 6709.76816701889 7482.8456201553345
7980 4867.019833383587 1809.0258054018022 3039.312535762787 5076.177511572838 6769.951353788376 7567.374423480033
8040 4930.434202242432 1878.6778321266174 3100.243900001049 5150.771677017212 6827.775085926056 7613.113194942474
8100 4998.119337095992 1971.7484860420227 3187.749948978424 5207.353569030762 6877.815366029739 7670.3241810798645
8160 5066.211812422972 2043.1258902549744 3251.955886542797 5278.6491450071335 6961.159823894501 7751.081433773041
8220 5129.942849982046 2095.1087576150894 3336.386810898781 5366.0067704916 6999.096354007721 7790.631192922592
8280 5105.644933602461 2003.4790145397187 3211.09554207325 5325.466599941254 7050.416676521301 7850.371679258347
8340 5119.3126005864415 1967.3324517250062 3244.2659845352173 5345.620336055756 7083.895260930061 7898.94794178009
8400 5098.257377571176 1877.1299887657167 3200.6207100749016 5299.97467315197 7112.315654218197 7945.405304956436
8460 5047.750130140684 1760.415631055832 3072.641797184944 5260.479442000389 7089.529917955399 7988.732625007629
8520 5085.1949856464125 1729.4309500694276 3111.139771938324 5277.292325019836 7174.663243055344 8052.690491247177
8580 5033.4455193952645 1623.3730238437652 2964.83396679163 5191.209195494652 7198.289898395538 8112.403743505479
8640 5036.762786124286 1549.2000343084337 2948.7153300642967 5248.409258008003 7214.99306845665 8158.623560833931
8700 5064.087497605334 1486.3934424400331 2924.7757046222687 5312.841264009476 7286.079336166382 8201.479072880746
8760 5063.204284679917 1507.9374256134033 2938.7628350257874 5250.284478187561 7257.308732509613 8262.115331459047
8820 5129.763402328657 1581.1158792972567 2974.9395200014114 5320.828938007355 7369.179167032242 8331.546379280091
8880 5177.384263912245 1615.7069690227509 3037.2792813181877 5348.829736471176 7403.633740603924 8387.040620088577
8940 5281.385215046792 1749.2996520280838 3183.7057625055313 5476.316690564156 7473.020632147789 8445.534970617295
9000 5307.541270747167 1734.4120181083679 3137.570298552513 5509.95582985878 7558.63937997818 8515.940129995346
9060 5354.859338869138 1771.0113905906678 3198.1933460235596 5534.431443929672 7618.180674791336 8567.139103460313
9120 5448.785084103289 1891.6935054779053 3309.7043731212616 5663.3207449913025 7685.125472068787 8636.531941890717
9180 5510.608321910594 1922.1780129671097 3355.9314007759094 5696.0016095638275 7775.623759150505 8716.05890238285
9240 5587.158763188926 2010.9966530799866 3425.06174069643 5801.178312420845 7847.049630761147 8777.245944976807
9300 5632.560539610417 2029.2318160533905 3472.254737854004 5883.18163895607 7866.266279935837 8809.007142066956
9360 5689.960958812153 2143.1477716445925 3535.6894840598106 5893.070362567902 7939.088231146336 8872.785269570351
9420 5702.7547335362915 2123.053161811829 3552.6398159861565 5890.079439043999 7943.731276988983 8935.756589317321
9480 5765.2299842203065 2191.3044552087786 3613.408997833729 5958.499999523163 8001.703091979027 8976.380861854554
9540 5835.673851358234 2290.130939555168 3702.623365342617 5996.5479600429535 8065.089325964451 9065.91937994957
9600 5930.886137436082 2356.7307908535004 3803.78868997097 6134.884905934334 8127.2914207577705 9123.410770249367
9660 5934.249963654975 2348.901747894287 3767.0029668807983 6110.880815029144 8171.172324180603 9138.622808504104
9720 5959.960699263097 2356.1661781787875 3812.249550461769 6131.964415073395 8207.702411532402 9205.153988838196
9780 5951.28519315479 2270.599610900879 3747.3758522868156 6129.714851975441 8258.382745027542 9252.478741669656
9840 5926.684887421117 2176.6708423137666 3641.4233373999596 6104.388564586639 8299.273730874062 9317.893381214142
9900 5929.262964421143 2083.2658759832384 3630.415261745453 6136.636917471886 8342.3100233078 9345.40505437851
9960 5910.872855888391 1948.031989812851 3574.8897614479065 6105.3190269470215 8354.08792591095 9418.872483968735
10020 5915.193174005365 1897.3424489259721 3547.696260213852 6166.175197005272 8331.147827148438 9469.402006149292
10080 5897.9535094131625 1848.7888379096985 3425.30310857296 6093.738596916199 8435.891926050186 9527.138200998306
10140 5838.029982570941 1765.0844979286194 3312.513946056366 5999.989967107773 8435.860476016998 9553.611273050308
10200 5875.528347516829 1727.9499407052995 3338.2057399749756 6082.629292011261 8478.753904640675 9619.582825899124
10260 5883.791116654224 1701.3710173130034 3315.521204650402 6106.124770998955 8533.818481683731 9680.852464771271
10320 5965.936437051358 1823.4987642765045 3403.811711668968 6140.762800574303 8615.76053905487 9740.475109767915
10380 6031.474576160427 1844.8791968584062 3522.326078951359 6217.627691626549 8642.898576319218 9774.912484049797
10440 6038.578892957279 1871.0469462633139 3505.1339032649994 6195.4517340660095 8706.320453763008 9849.851629924775
10500 6145.120223728327 1964.1579565525055 3613.823837041855 6368.1062779426575 8775.33917093277 9924.394461965561
10560 6201.746833324185 2039.758739209175 3643.2652757763863 6370.323460459709 8850.508829176426 9969.758233070374
10620 6285.932451885858 2108.249288082123 3742.4620059728622 6534.216681003571 8895.543132543564 10053.854146957397
10680 6308.530682753046 2178.147195005417 3774.906039595604 6488.052828788757 8953.202921152115 10079.856245994568
10740 6355.371704447074 2191.215847969055 3818.1677560806274 6559.287615060806 8960.042440891266 10147.110344171524
10800 6474.1669875189045 2263.569720077515 3934.845237672329 6689.552605867386 9098.534055292606 10223.166307473182
10860 6505.074111171863 2308.5683152675633 3952.082242488861 6683.982851982117 9138.491569519043 10282.03549695015
10920 6548.308326869601 2360.274235606194 4026.8794133663177 6740.0750069618225 9185.39829415083 10332.117162942886
10980 6592.98514146547 2424.008063316345 4021.268413424492 6784.750257015228 9260.202184915543 10417.2953499794
11040 6647.779057058835 2467.7294894695283 4083.3524841070175 6793.822966814041 9298.24245595932 10456.2017850399
11100 6757.999879980733 2605.6120687007906 4230.183068037033 6954.843204975128 9388.96537554264 10509.816882133484
11160 6775.125028271427 2570.3659229516984 4212.8977999687195 6958.883318424225 9434.69920015335 10579.08987197876
11220 6858.2374794076395 2670.351051092148 4303.5073120594025 7075.36828494072 9492.048887968063 10645.967091798782
11280 6921.395640807145 2697.7074752569197 4373.278552830219 7163.556923389435 9569.471122682095 10687.756809210778
11340 6933.906740448693 2804.671507406235 4386.978838562965 7095.871070861816 9583.083239078522 10748.141396808624
11400 7008.313070101719 2772.8773317575456 4442.7654358148575 7191.836614012718 9702.90315246582 10830.082445597649
11460 6958.466012007837 2644.6932586669923 4372.36905002594 7190.134123086929 9662.45816206932 10839.99839925766
11520 6952.994377315651 2540.2920480251314 4349.789610028267 7194.81751203537 9689.969649076462 10893.132400989532
11580 6918.219374455084 2517.335191988945 4224.600131392479 7092.77549302578 9733.727353990078 10956.428146862985
11640 6857.937086740127 2429.453442001343 4153.852245092392 7018.563757896423 9703.205677330494 10986.575539827347
11700 6923.486578608622 2302.594736146927 4206.959454059601 7121.303001403809 9846.538218557835 11093.28677918911
11760 6919.986284011103 2288.973018884659 4143.108477115631 7123.177623987198 9852.425002098083 11125.641164970399
11820 6844.969293880424 2177.8650410175323 3937.8662950992584 6973.8868060112 9883.854135990143 11162.931003332138
11880 6880.3471496926095 2163.0929362773895 4059.809928894043 7024.820379018784 9900.388335943222 11207.042414188389
11940 6898.609566361511 2057.125245141983 3954.4244685173035 7128.479343891144 10041.935114502907 11315.73028588295
12000 6826.365985323955 1977.012200164795 3833.457177877426 7010.593852043152 9986.959260940552 11298.778407812119
12060 6854.642903866522 2010.068191409111 3865.148952782154 6975.5087454319 10033.93474239111 11362.99906694889
12120 6938.598579979545 2056.9176379442215 3987.5977287888527 7098.039850354195 10106.00843846798 11432.567394423484
12180 7039.857724205768 2123.314654874802 4033.1255370378494 7237.362228989601 10204.282170295715 11515.132062911987
12240 7067.68255220914 2186.216685771942 4132.338605523109 7191.827766180038 10190.776038527489 11546.598962974549
12300 7156.584912314683 2236.797761774063 4230.215991973877 7355.307275056839 10296.332778930664 11632.595606136323
12360 7112.316922124524 2275.040424466133 4092.881902515888 7231.549930930138 10345.16048246622 11689.291434407234
12420 7279.253077231197 2427.9741906166078 4324.493613958359 7463.5243039131165 10405.885401844978 11722.359832096101
12480 7318.160923567235 2395.3884603500364 4304.277465105057 7493.2820999622345 10498.96591091156 11820.385647153855
12540 7400.508690760536 2513.7380393743515 4442.818698704243 7591.792003393173 10535.969908893108 11886.071583986282
12600 7411.2264554642015 2554.915865850449 4464.931439995766 7577.919965982437 10558.259070038795 11892.189043140412
12660 7520.817178756596 2687.7511973381042 4579.492406666279 7670.937298417091 10678.11740809679 11993.045919680597
12720 7493.545055979994 2686.860771131516 4523.337477207184 7635.954221487045 10611.744100093842 12017.233815598487
12780 7635.818625718113 2741.438847923279 4616.799747228622 7875.005822896957 10797.4213180542 12109.87091217041
12840 7714.237764347486 2806.4960947036743 4692.612734138966 7955.546545624733 10867.848671376705 12180.277369976044
12900 7763.723992228529 2882.1373623847962 4777.858273327351 7972.664711475372 10881.410773992538 12205.969930076599
12960 7788.185098124021 2910.4283537864685 4861.839262723923 7977.1843774318695 10900.855685591698 12296.809257984161
13020 7852.523978686129 2946.5523810386658 4883.514050960541 8052.735915899277 11016.4574508667 12303.126869916916
13080 7890.981298218717 2971.9366438388824 4891.678432106972 8095.247612953186 11063.11398100853 12371.69950890541
13140 7971.109521122833 3088.9200130462646 4990.349271059036 8142.530640125275 11124.01162993908 12444.800964641572
13200 8060.5780538892595 3186.566785097122 5070.717944204807 8235.230715990067 11197.685570061207 12546.470694017413
13260 8064.43246648053 3178.205430984497 5133.85006403923 8256.285524845123 11216.046284914017 12556.611704826355
13320 8048.89549981951 3178.5681443929675 5033.7167682647705 8196.164219975471 11265.133125245571 12615.189716386794
13380 8063.081503015753 3093.292452812195 5165.189840555191 8194.469069004059 11191.77395761013 12635.642215752605
13440 8077.787874085496 3035.495359182358 5013.078591823578 8245.582608938217 11344.913842439651 12740.882467031479
13500 8038.328699684217 2903.6478139162064 4913.822884500027 8134.768489480019 11415.774438977242 12790.683970928192
13560 8015.305508402242 2802.44832611084 4906.360507965088 8147.10981798172 11346.82991194725 12818.143792104722
13620 8000.846804843259 2737.438956165314 4819.428788900375 8190.414360046387 11399.365253925323 12857.133200788498
13680 8074.0029040602885 2669.75603723526 4900.183546543121 8309.866878032684 11505.700783133507 12950.42615442276
13740 8016.52037601885 2526.916151070595 4633.139368116856 8246.422367572784 11553.781365692616 13003.230386972427
13800 7999.982563304743 2531.2090060710907 4728.790012478828 8214.518599033356 11477.269451022148 13032.68435716629
13860 8033.593408923394 2454.638643193245 4664.064108431339 8265.133855938911 11639.189527750015 13109.849445009231
13920 7934.782756568544 2308.942440772056 4505.600750088692 8106.389129519463 11548.806507349014 13127.744924592973
13980 7955.964844337444 2317.875489282608 4481.241849899292 8108.841260433197 11728.706044435501 13239.212194323542
14040 7940.967434787995 2232.300040602684 4481.210035264492 8140.726853609085 11634.375138521194 13190.863202095032
14100 8066.993187938519 2418.1402383327486 4600.319622993469 8288.757169008255 11809.170200824738 13348.28280787468
14160 8076.228563050525 2449.730565071106 4630.119371175766 8231.92523598671 11838.90882396698 13391.052581071854
14220 8112.207147779588 2444.174503302574 4569.604313492775 8300.081611037254 11914.094732642174 13448.325937581061
14280 8173.345772355765 2515.7085379600526 4669.842555999756 8316.036967039108 11931.46126794815 13478.779999685286
14340 8309.157742979492 2592.62476606369 4884.782586812973 8513.670584201813 12023.173606872559 13556.557222414023
14400 8301.183191853748 2697.2220168590547 4814.423659086227 8455.217084169388 11956.580487966537 13617.43269019127
14460 8363.355460100349 2748.2482419013977 4939.814750552177 8520.953414440155 12023.902194619179 13665.430933952332
14520 8455.411687222175 2828.920233488083 5058.601066708565 8619.969866871834 12054.252417445183 13711.252064347267
14580 8486.880311292025 2844.6542098283767 4992.410284817219 8638.764234423637 12197.588004529476 13760.977677679064
14640 8509.948375055796 2918.6744311332704 5027.796216011047 8663.354782819748 12170.694032073021 13819.086343336106
14700 8603.075309212345 2926.8259679555895 5158.587475597858 8749.021372437477 12309.223978161812 13885.314907884596
14760 8641.535600413226 3000.5960315704347 5145.6660569906235 8800.36989402771 12363.695352554321 13937.401689004899
14820 8719.520266571155 3008.2859098911285 5212.670691013336 8903.221174001694 12446.12814450264 14065.192144870758
14880 8788.708183275074 3150.337705230713 5290.526886820793 8959.02794098854 12507.376081824303 14096.014021968844
14940 8854.460593062939 3264.7525964498523 5385.145385980606 8995.595079898834 12552.09741127491 14173.964382815364
15000 8959.94498763001 3324.193020582199 5562.026067972183 9114.88785302639 12620.266917526722 14229.663209557533
15060 9061.983371815888 3375.6650641441347 5631.51856648922 9273.793457984924 12735.460920333862 14309.320482587815
15120 9051.82080261087 3335.611842083931 5524.458219945431 9250.41891002655 12808.5455468297 14312.188232970238
15180 9086.03027163415 3401.027404642105 5599.039847552776 9251.646310448647 12825.693698048592 14363.068745946885
15240 9172.653057992833 3461.7972078323364 5679.3494300842285 9348.662646055222 12886.316046953201 14474.495647907257
15300 9212.314498287942 3522.3183900117874 5713.381195664406 9416.68287050724 12937.20661354065 14518.001709580421
15360 9164.426778087543 3527.7253589630127 5685.210965752602 9231.89443397522 12848.974841117859 14547.02594895363
15420 9348.116032306198 3644.990665435791 5869.7929419875145 9554.277253866196 13100.521745502949 14621.32826435566
15480 9313.8556769415 3700.90065908432 5876.7649438381195 9391.905289888382 12975.12604689598 14639.670292854309
15540 9497.25664648936 3785.4493943452835 6056.1906796097755 9750.514920473099 13199.767175257206 14764.957884001731
15600 9367.031721530555 3513.7391345500946 5814.7512394189835 9572.456949472427 13089.41691094637 14765.07432436943
15660 9376.157266782442 3505.1770136833193 5773.258044958115 9574.54270195961 13195.200743079185 14828.184912347795
15720 9343.957651626533 3334.7596208810805 5710.602933883667 9574.874829053879 13207.15935599804 14865.647170996666
15780 9329.159639621159 3385.5131801605226 5767.120796203613 9496.976224899292 13155.069281101227 14877.363135099411
15840 9240.86329896277 3098.6245089769363 5460.732796728611 9340.126698493958 13316.547169327736 15001.688273072243
15900 9270.41520464603 3165.9618635177612 5568.525573790073 9399.669875979424 13256.845875680447 15024.311694025993
15960 9308.098238466848 3036.87411775589 5485.2541100382805 9471.754571080208 13385.909177064896 15095.946876883507
16020 9375.007759258178 3076.6920099258423 5522.7886763215065 9607.985764980316 13449.590355753899 15174.141120553017
16080 9340.54041437938 2939.721472978592 5489.271229028702 9543.192103147507 13442.30488705635 15282.63194513321
16140 9220.75907687241 2827.617832183838 5327.607002019882 9383.709575176239 13353.72690987587 15227.94822382927
16200 9230.106263597752 2722.7907252311707 5216.065529584885 9416.647860050201 13410.85591006279 15310.470476341248
16260 9217.911118961181 2748.4217916488647 5172.943249940872 9381.636420965195 13417.161081075668 15334.392693710326
16320 9234.254573842374 2577.645992708206 5150.111291408539 9466.297338962555 13504.30646944046 15400.568088388443
16380 9292.256729724735 2688.3999004364014 5256.468755125999 9531.45982503891 13551.582915902138 15453.931135654451
16440 9382.371979491676 2767.5928330898287 5312.184171438217 9563.788876771927 13704.661303400993 15533.829752731324
16500 9345.912216114411 2789.9627001523972 5285.564694046974 9508.496664881706 13614.354199767113 15597.09542014599
16560 9428.572127270138 2897.9871534347535 5330.364817976952 9600.982251405716 13752.912637472153 15682.279128766062
16620 9373.61910136887 2837.6707479953766 5281.839861273766 9480.892925977707 13651.085925221443 15655.951683044434
16680 9549.323137586063 2980.8242228746417 5476.662792682648 9682.271703600883 13966.360800802708 15734.792913913727
16740 9558.96934026356 2934.6719320058824 5522.346699655056 9703.973365545273 13858.618887722492 15800.921081376076
16800 9692.617529637502 3082.049521541596 5645.567166149616 9947.956455945969 13989.853868544102 15868.638844394683
16860 9678.59939713195 3089.071387887001 5640.75057464838 9866.6829611063 13899.584984004498 15919.588449954987
16920 9753.143101802374 3191.972869873047 5706.504595994949 9861.513720989227 14048.864646911621 15995.35222592354
16980 9952.377119435514 3356.3393033981324 5863.666454195976 10221.159868001938 14232.683833956718 16084.191409850122
17040 9902.911079661775 3397.2866710424423 5913.408941090107 10063.257077932358 14097.143622517586 16095.416218042374
17100 9977.26450640143 3278.752753019333 5860.804758429527 10162.259916067123 14287.500047564507 16236.148828935626
17160 10001.093140216011 3434.752684402466 5831.458222389221 10118.330219984055 14363.543927133083 16306.210226106643
17220 10163.503851918967 3583.312662124634 6158.921115517616 10425.847543001175 14403.563353538513 16314.011088132858
17280 10116.24840391073 3571.13664188385 6096.023610115051 10306.594894051552 14358.191023170948 16344.51346707344
17340 10238.177965091458 3633.4768023967745 6256.395897388458 10429.343652009964 14515.812115430832 16379.795079040527
17400 10245.201126310818 3763.3136283159256 6225.888140022755 10331.905196905136 14478.574690580368 16466.59469783306
17460 10374.4372723631 3796.6607835292816 6251.893934726715 10613.981981158257 14739.219632148743 16536.111425089835
17520 10369.840434741996 3770.4696167945863 6264.966392040253 10580.006669044495 14663.68042087555 16613.321272563935
17580 10425.441681244878 3868.1125103235245 6376.993310689926 10617.303807497025 14605.569176793098 16660.057476806644
17640 10447.95789852853 3836.948250102997 6420.404848098755 10617.206904053688 14760.434075534344 16636.5083599329
17700 10514.61417100115 3926.9312269687653 6450.425621688366 10689.51470208168 14781.135371863842 16746.841335058212
17760 10610.026854129017 4133.42953555584 6587.959185361862 10706.499223589897 14882.458160758018 16801.96349937916
17820 10617.514890200668 4109.522387981415 6514.580661535263 10799.306621074677 14825.501464486122 16873.353546857834
17880 10759.704964126997 4185.315900564194 6777.308954000473 10959.982968091965 15029.628527879715 16944.19140396118
17940 10859.454971292202 4205.078233933449 6874.126088261604 11150.104602098465 15050.28544974327 17027.7820523262
18000 10893.54780366068 4298.069871640206 6847.768308401108 11104.45001900196 15147.697318017483 17080.383227443697
18060 10950.921600455633 4266.182339286805 6850.100938200951 11098.019450426102 15235.636429786682 17144.39882938862
18120 10928.51561248052 4272.438085079193 6834.563994526863 11178.872411966324 15177.945149540901 17128.271897554398
18180 10959.178963019825 4301.663690233231 6864.471527278423 11138.861550927162 15274.03448265791 17244.68171994686
18240 11026.165877605803 4186.737159109116 6905.582531929016 11323.716600179672 15390.66073858738 17325.844018363954
18300 10916.809753211824 4091.443276500702 6735.809074163437 11091.956145048141 15363.540782213211 17374.539258003235
18360 10849.345268085624 3916.1967616558077 6590.679350554943 11047.549460053444 15368.248359382153 17397.540333032608
18420 10798.491328890721 3837.710152578354 6564.737730205059 11014.583795070648 15207.20903480053 17426.50456464291
18480 10837.994477582743 3842.081125974655 6534.599822163582 11011.59310400486 15432.205228805542 17487.027601194382
18540 10704.228293421871 3641.330421948433 6379.704366803169 10851.190216898918 15211.380939304829 17475.30657196045
18600 10897.619953121499 3682.9405111551287 6623.921689033508 11199.065760970116 15489.373970210552 17590.91380918026
18660 10690.847333215686 3462.7642598629 6301.681514978409 10737.629665970802 15338.907806873322 17666.587546539307
18720 10660.113044042493 3384.7571327686314 6114.545323967934 10769.845492124557 15286.660779595375 17740.335128593448
18780 10689.74638216161 3243.2864503860474 6121.82265329361 10886.173653960228 15436.000231802464 17723.64075307846
18840 10631.293959121505 3206.2814905166624 6111.284389972687 10694.821033000946 15402.038271188736 17787.395551252364
18900 10734.361539226755 3160.2713619709016 6210.119323253632 10935.21824502945 15539.212524592876 17797.543745994568
18960 10668.521316222661 2991.4515271663668 6001.909344911575 10910.402328968048 15478.824414610863 17857.68202519417
19020 10556.327403708761 2890.407550907135 5884.640289068222 10693.388230085373 15503.291579961777 17922.78734726906
19080 10737.887116789025 3007.293560266495 6057.017622590065 10921.247008919716 15679.304328858852 17981.831692242624
19140 10826.027864283697 3161.3691939353944 6220.02583694458 11018.744174957275 15739.89794588089 18095.984509420396
19200 10786.153253075341 3156.191846752167 6085.672799110413 10959.352077960968 15657.210126876831 18122.083733081818
19260 10975.554462290082 3290.58553647995 6208.0604138970375 11175.641829013824 15954.033523857594 18227.58250749111
19320 10995.18800955079 3251.0514471769334 6280.459259986877 11182.52087700367 15930.677725434303 18257.830261945724
19380 11072.980160110972 3476.390508031845 6319.85011100769 11281.918483018875 15997.015746116638 18341.375102233887
19440 11026.962362096016 3347.1266105651857 6344.76208615303 11257.398681879044 15917.706132888794 18357.10713558197
19500 11098.812732577991 3457.8798200130464 6370.404196023941 11307.496069908142 15950.240906953812 18402.509639024734
19560 11172.663292303858 3451.8430282592776 6402.030439376831 11394.53935790062 16136.620042443275 18498.201299095155
19620 11312.858095731306 3730.511118221283 6770.832416057587 11504.260578155518 16114.137354135513 18548.336494588853
19680 11376.687450652584 3669.878108739853 6743.993608951569 11638.939900875092 16242.26602101326 18599.564540863037
19740 11391.783420383807 3737.1732029914856 6811.88640499115 11624.36901307106 16211.349436044693 18608.694473981857
19800 11497.38096354292 3878.858155536652 6796.597290992737 11697.461480855942 16423.657887220383 18755.240564107895
19860 11411.102952515168 3735.2944982051854 6707.525122880936 11553.222249984741 16293.172240972519 18697.825803661348
19920 11609.505242103096 3938.9776342868804 6921.995411157608 11877.153312206268 16462.2519210577 18869.889761161805
19980 11732.664506440091 3997.4909163951875 7074.544909954071 11995.117746829987 16697.419426202774 18868.632039022446
20040 11638.16866862484 3853.8307250976563 6909.537607550621 11884.50783419609 16533.060436964035 18941.770613861085
20100 11797.32150129564 4156.335239171983 7201.977352619171 11999.712772011757 16632.074176490307 19055.749036884306
20160 11711.425859785493 4075.228988838196 7103.7401240468025 11833.546881437302 16554.353390276432 18975.68953154087
20220 11801.446459849962 4167.84830365181 7070.657195091248 11947.536880016327 16731.09608411789 19154.686971902847
20280 11968.596579448204 4343.377673864366 7316.617329835892 12190.472699165344 16796.765805006027 19133.0872528553
20340 11970.848897301648 4286.6239135026935 7335.810142278671 12154.33324098587 16797.74759018421 19258.422301054
20400 12002.362736159657 4283.148044872284 7358.094898939133 12154.59862613678 16878.6600189209 19319.849133300784
20460 12072.160613179654 4366.3261455059055 7361.824129641056 12371.978634953499 16965.068684339523 19264.648103928568
20520 12212.106278228184 4525.171475887299 7465.9145439863205 12382.938565015793 17134.037519454956 19513.499797821045
20580 12277.346129375223 4716.402683258057 7567.565040111542 12481.694242477417 17235.907611131668 19623.13430542946
20640 12293.427468455444 4591.47308485508 7621.7470561265945 12416.204886555672 17186.94206917286 19575.521268963814
20700 12277.033531458976 4626.887497186661 7501.258731365204 12422.167530059814 17311.630005061626 19648.626985549927
20760 12432.536591315202 4697.862957286835 7697.561405718327 12619.339071393013 17400.076999902725 19677.605521917343
20820 12434.305480195511 4828.889576911926 7687.839116573334 12598.844652891159 17299.101755023003 19788.553520441055
20880 12474.676351431697 4849.848301553726 7782.456172585487 12635.459211826324 17344.8566570282 19793.419935703278
20940 12633.675136709891 4884.308636426926 8007.77960306406 12926.137591004372 17383.28757274151 19802.07890844345
21000 12626.021823807005 5018.98817551136 8017.910205304623 12796.993684411049 17488.984745383263 19857.35312795639
21060 12645.918736820164 4892.170678758622 7937.8385989665985 12847.737869024277 17616.75245499611 19995.188354969025
21120 12604.163269358181 4996.693889045716 7926.723596572876 12840.95511507988 17391.06012392044 19898.547463321687
21180 12620.478972719788 4836.45426454544 7851.679294884205 12889.837222099304 17633.655338048935 20069.559387636185
21240 12518.416930799067 4588.312201642991 7615.013992547989 12758.544544935226 17534.724780082703 20085.429225873948
21300 12689.63938316246 4639.509019732476 7916.169414162636 12845.224731564522 17851.621724426746 20244.617835998535
21360 12521.643410393692 4391.6172608375555 7499.774251937866 12787.815821886063 17692.481827020645 20328.835398101808
21420 12544.183142252185 4420.847539806366 7556.896000146866 12701.115667819977 17800.66644191742 20228.915181064607
21480 12599.200301901106 4465.276345300675 7755.306325554848 12901.555029153824 17605.70831346512 20271.446109199525
21540 12515.54822677989 4281.316275262832 7566.19797706604 12797.813755989075 17736.720586061478 20369.61361966133
21600 12421.985776356332 4035.1365188121795 7102.909069657326 12724.836411237717 17769.782284140587 20491.68910470009
