0 4.982465615682159 1.047753095626831 1.8621020317077637 4.151000022888184 7.321460962295532 10.61449909210205
60 18.24149995602302 2.942310094833374 6.8873960971832275 15.303353071212769 27.397840976715088 38.810402131080714
120 18.762618347926338 3.0887558460235596 7.134488105773926 15.703504800796509 28.524605989456177 39.91080689430237
180 18.78311109283095 3.2327258586883545 7.322833061218262 15.433357954025269 28.221006989479065 40.06969904899597
240 18.38203107093558 3.361337184906006 7.4120869636535645 14.523736000061035 27.205729007720947 39.40530490875244
300 18.17581689019674 3.272059917449951 7.605098009109497 14.731559991836548 26.449856996536255 39.27044916152954
360 18.717747840471652 3.474560403823855 7.9021971225738525 15.869234442710876 26.780767917633057 39.51263093948364
420 18.561180955113596 3.253180980682373 8.222139120101929 16.149904012680054 25.701464891433716 38.08328318595886
480 19.078625498900163 3.664608955383301 8.438184976577759 17.065592050552368 27.046119928359985 37.7990939617157
540 19.62509670083189 3.542557954788208 8.669482588768005 18.013674020767212 28.74605917930603 37.20805203914642
600 20.47115402292166 3.917473077774048 9.403275966644287 18.783241987228394 30.133202075958252 38.85572004318237
660 25.750999137116448 5.858392000198364 12.941823959350586 24.044461965560913 37.20460605621338 47.1661958694458
720 49.836375091502966 9.38487696647644 23.95089101791382 47.68051791191101 73.72354912757874 92.77631378173828
780 44.8868779591879 7.410834074020386 19.53886103630066 41.6915328502655 67.39942908287048 87.98781681060791
840 56.51348560636986 14.478574991226196 32.21155095100403 56.43554091453552 79.45360052585602 98.2374701499939
900 91.65997623030484 22.286037921905518 55.60462498664856 97.09482407569885 128.0950529575348 149.09205603599548
960 113.63745962291101 23.004243469238283 57.447088956832886 115.58785700798035 168.70804381370544 200.9652509689331
1020 105.18900372082658 16.48893904685974 43.82872295379639 101.53210091590881 164.5307970046997 201.17702794075012
1080 89.94228140948759 16.963564062118532 41.47656297683716 83.78337597846985 135.8679769039154 174.13022994995117
1140 88.93586142376411 18.857742071151733 45.11264395713806 88.65777540206909 131.04797840118408 159.28348517417908
1200 120.52882243858306 33.56240980625152 70.57989424467087 121.6354969739914 172.08670687675476 203.0163302659989
1260 156.18165222666136 37.29203701019287 94.8053810596466 162.02161383628845 222.35412883758545 258.3251688480377
1320 191.84872330155167 45.331636905670166 112.22198247909546 203.61390209197998 272.8657433986664 314.73718190193176
1380 214.76819787844016 48.38045649528504 116.47245907783508 232.10060787200928 309.9328098297119 356.64907927513127
1440 233.8897880107913 47.665934920310974 119.8318030834198 238.83022117614746 343.8799889087677 415.19324588775635
1500 257.0436807595227 48.08605980873108 123.39649701118469 255.81036710739136 388.5995224714279 467.37088084220886
1560 248.70651703986195 36.63502299785614 111.52455115318298 245.19188106060028 383.09969902038574 466.9133664369583
1620 225.86401709779665 34.00419044494629 87.08749288320541 216.75713682174683 355.36123991012573 439.4066404104233
1680 208.2134350894968 34.70382308959961 87.9801167845726 187.31565594673157 328.39301085472107 410.6233740091324
1740 194.74680312472827 35.051895236968996 86.8656849861145 179.06264996528625 297.64085602760315 383.00555205345154
1800 187.3264533890803 37.71882486343384 92.71181726455688 180.1345579624176 273.6776330471039 353.8933048248291
1860 184.48686877555514 35.01188397407532 91.78508257865906 182.5411159992218 275.9995701313019 334.44183897972107
1920 203.83514495041206 47.45251202583313 106.22058510780334 203.56326699256897 301.27948093414307 360.7180380821228
1980 243.72014689831997 67.84522891044617 138.18782210350037 246.04134798049927 350.74985098838806 416.1566460132599
2040 281.29543357537807 71.66826701164246 171.23656797409058 288.1989378929138 401.47490096092224 471.56740498542786
2100 314.7400353434468 72.76149797439575 190.30740928649902 324.60556948184967 451.1874680519104 527.9036360263825
2160 348.9319380658725 81.09075808525085 207.09963434934616 362.23371851444244 497.9936052560806 583.3223638296126
2220 385.88733584052113 90.87542200088501 221.1927334666252 406.14960503578186 553.2772999405861 641.4334280490875
2280 419.6918187730527 103.86349387168895 237.98143631219864 444.53161215782166 600.8473387360573 692.8377327919006
2340 437.7103534991547 102.35331296920776 245.26239204406738 471.4952321052551 629.4663898944855 723.3188450336456
2400 453.8450275653242 93.21122694015503 248.13039898872375 487.09175086021423 652.5729205608368 775.5746109962465
2460 479.64755547727367 102.40177106857304 259.97256779670715 494.1651999950409 694.4510080814362 836.8655323505402
2520 498.95789420822274 107.26571607589722 259.5196578502655 495.5627861022949 738.5706675648689 893.165825009346
2580 497.7333390974626 81.72102217674257 242.87294882535934 502.96054220199585 749.3010112643242 902.6579620838165
2640 469.2320212407829 65.65972018241882 210.7432940006256 472.4940960407257 719.9379245042801 878.585795879364
2700 450.7882915673937 65.5436758518219 176.28536295890808 448.0399615764618 699.8811054825783 855.9340019226074
2760 426.40237778402167 64.42526912689209 163.55749022960663 405.3530924320221 676.0496995449066 834.4142849445343
2820 416.93523790921176 71.48391103744507 171.26774907112122 386.562460899353 662.857204914093 813.2506239414215
2880 402.4454553348058 67.48934006690979 172.2889940738678 354.2625288963318 636.5367865562439 795.7983820438385
2940 393.4888177012682 72.02013549804688 176.81577801704407 348.9512538909912 610.5345389842987 779.1626169681549
3000 385.23373889561134 72.71160817146301 180.33897495269775 354.0670759677887 587.2258816361427 757.9493229389191
3060 380.11536356093336 77.59073114395142 185.75442910194397 362.7115330696106 552.7702921628952 727.5684740543365
3120 379.8773739767925 73.22503304481506 189.72548294067383 369.79014801979065 551.002720952034 715.3659179210663
3180 377.15732317869345 76.57252407073975 190.34735083580017 373.5055980682373 554.1146953105927 688.1775856018066
3240 378.2967498503478 76.18659043312074 190.49973511695862 378.81723499298096 563.5113098621368 674.5565609931946
3300 389.7802212598844 80.78953390121461 198.27850699424744 395.8935570716858 578.5769629478455 690.4238708496094
3360 423.2017577048142 101.9903519153595 219.1292599439621 427.40046095848083 625.8764244318008 739.0503617763519
3420 461.41134877439674 124.4211505651474 251.08098566532135 467.4718164205551 673.1755223274231 793.1383898258209
3480 497.93289569508306 135.9506357431412 279.7330482006073 505.2603271007538 722.2895264625549 850.8477560997009
3540 534.6887805356271 136.3798589706421 304.8255808353424 548.1699240207672 773.1647779941559 905.2952256202698
3600 576.1724727382651 144.8670630455017 345.88736230134964 591.329931974411 825.7262799143791 967.1540578603745
3660 610.0555754038674 153.94734287261963 369.154333114624 631.7335860729218 873.7646119594574 1021.2736756801605
3720 645.8449288008024 164.07163305282597 398.4003660082817 663.4854716062546 925.8097438812256 1074.989312171936
3780 683.9211879172938 171.57135009765625 422.53616285324097 708.0356850624084 977.4039621353149 1131.3515375852585
3840 717.126780635295 176.41684947013854 430.3212604522705 745.6670970916748 1026.9812680482864 1188.2054972648623
3900 757.0899303260236 183.6431097507477 447.422146320343 792.321648478508 1082.6204472780228 1246.0096570968628
3960 791.0299168193452 186.53871264457703 473.2994599342346 830.5762739181519 1129.7826788425446 1298.5484447002411
4020 818.7659179779055 188.57364153862 477.1675605773926 866.6698639392853 1174.6968491077423 1351.8321158885956
4080 838.7077953486659 194.6870219707489 481.0879120826721 894.9963681697845 1200.4578890800476 1380.536113023758
4140 854.1288543088996 194.98311419487 479.7667851448059 910.757640838623 1221.3556399345398 1422.961308526993
4200 871.9476292118205 190.59342861175537 480.8881307244301 935.7602795362473 1247.7408874630928 1477.1714226484298
4260 899.0962239617847 192.02393114566803 492.1980637907982 967.5252330303192 1275.2091760635376 1537.2208619117737
4320 912.9705359930526 188.00119004249575 483.52248311042786 965.1055865287781 1317.9157061576843 1595.19775724411
4380 939.2141679352139 189.19343183040618 494.8296639919281 972.4530515670776 1378.3435156941414 1653.5794141054153
4440 960.6050216922382 185.79943192005157 484.95624709129333 973.9139748811722 1435.4465293884277 1718.3087365627289
4500 989.1484910767931 192.19128131866455 488.0698139667511 999.5116291046143 1493.3174531459808 1772.607668066025
4560 1011.5719529436473 197.08478865623476 493.60267901420593 1021.7746360301971 1530.731558084488 1820.838268995285
4620 1001.8354132285792 175.59345796108246 471.1515241265297 1014.731521487236 1518.201553285122 1823.3636631965637
4680 975.6430908338373 143.11202785968783 435.45703983306885 973.5469124317169 1499.9976229667664 1810.2711679935455
4740 959.5548859706935 141.47580616474153 427.05877590179443 955.5146485567093 1471.2327289581299 1786.5944645643233
4800 933.2137202606541 132.41413617134094 390.21181893348694 927.5789518356323 1455.704341173172 1766.6359870433807
4860 912.9665037522266 138.11739802360535 365.18540716171265 886.4332931041718 1424.4058220386505 1737.4840400218964
4920 882.4695275489186 127.73572301864624 342.50263953208923 846.1786508560181 1387.6072404384613 1706.1555769443512
4980 865.3335879435821 132.57512187957764 340.50489354133606 819.1250480413437 1368.765002310276 1687.4322435855868
5040 855.9996094776394 138.69968485832214 346.8852642774582 801.7304590940475 1352.488221168518 1675.0714069843293
5100 835.0477042106688 136.77448759078982 343.21714901924133 778.7626581192017 1315.0487151145935 1631.8206603527071
5160 819.0127128096317 139.0783410549164 349.4053678512573 747.0965189933777 1283.842966079712 1605.1055925369262
5220 807.6419661953963 139.7720648765564 351.96905303001404 734.811784029007 1254.2977108955383 1583.3502998828887
5280 794.9346883356004 140.49929552078248 351.13139629364014 719.5128511190414 1224.280623614788 1561.7211782932281
5340 773.695345061652 139.3843071460724 342.0651597380638 695.7063584327698 1192.172885119915 1532.044384407997
5400 773.2081606200768 145.0119110345841 357.4831160902977 706.3074966669083 1181.8677639365196 1515.3245729446412
5460 764.8508913590065 144.71424260139466 354.24038791656494 706.2349569797516 1161.399572134018 1487.32314825058
5520 760.9189263535023 141.81865000724792 355.75852704048157 719.2875008583069 1139.1236104369164 1472.982250595093
5580 756.4701937834699 153.9872019290924 366.8798840045929 725.4814209938049 1128.057876944542 1436.2540544509886
5640 744.9488623250768 144.12732594013215 359.63282787799835 716.3570405244827 1095.9267320036888 1419.514264702797
5700 747.5447523073058 151.57457976341252 375.4059314727783 731.3264348506927 1087.683713555336 1390.0955963134763
5760 744.1606128921939 155.21500573158264 371.13085889816284 726.1875134706497 1099.2023442983627 1373.5000051021575
5820 746.8512928861638 151.514897108078 382.7571861743927 738.9097294807434 1099.9288111329079 1363.5596148967743
5880 743.2822943882176 150.36543323993683 367.4251058101654 733.0461149215698 1104.1549859046936 1348.0203179836274
5940 745.9444038957382 150.20169801712038 387.74109506607056 743.9953351020813 1106.4960460662842 1329.7532035827635
6000 751.4452357079891 151.0946991443634 380.53961330652237 757.4262055158615 1117.1283550262451 1339.6980370521549
6060 747.2303732203204 150.06136763095864 375.855636715889 749.9789835214615 1118.3450487852097 1342.3800010681152
6120 782.4199758997581 170.243212723732 403.95978808403015 789.54509806633 1167.4141031503677 1381.083739042282
6180 815.9681797540511 194.94328665733337 425.1797817349434 821.7372020483017 1208.6185297966003 1438.183078169823
6240 861.5652150213532 216.36282205581665 470.0947954058647 864.0743160247803 1265.7058277726173 1499.9490966796875
6300 901.9345313350476 242.14429159164428 490.77571749687195 915.9724519252777 1320.2134209871292 1554.5304153442385
6360 947.3162766108223 269.60304617881775 531.7800890207291 962.2909510135651 1371.6735149621964 1613.5854840278625
6420 985.4911631736127 282.79374189376836 569.2373389005661 1004.2068119049072 1412.7250794172287 1662.7608815193175
6480 1027.3237573145989 291.5563376426697 593.206444144249 1052.8486478328705 1483.758346915245 1730.0484929084778
6540 1055.4720246022812 279.48308715820315 618.6983730792999 1081.598769903183 1515.7283849716187 1780.8475878238678
6600 1088.049054297884 285.31164674758924 641.0976431369781 1112.66657102108 1561.91890001297 1836.6822242498397
6660 1122.7087880236288 269.32698905467987 659.1575092077255 1153.0792059898376 1620.6653761863708 1894.8676300048828
6720 1146.1753966958865 273.61244201660156 682.008533000946 1171.5549640655518 1653.9743900299072 1932.415843963623
6780 1194.2691831659897 291.5297989845276 724.0121638774872 1234.2042689323425 1720.764886856079 2004.025611782074
6840 1244.957966531518 312.5311272144318 772.8444920778275 1289.8685038089752 1778.5807589292526 2065.6843461513517
6900 1271.299745767045 315.640016078949 781.2324553132057 1319.719226360321 1820.698800265789 2119.0073750019073
6960 1309.006330551411 319.12514650821686 804.478347659111 1352.041895031929 1880.7603932023048 2182.2933390140533
7020 1351.302464990667 327.4454050064087 827.8478763699532 1407.7038779258728 1934.5660848617554 2238.3239178180697
7080 1382.0862610013419 348.05701999664313 841.5726189613342 1440.3230941295624 1974.5807659626007 2290.6069022655483
7140 1413.504332357914 354.52437710762024 827.8451600074768 1485.4610929489136 2022.7787928581238 2339.2730638980865
7200 1448.657130501355 342.8117121219635 862.4787821769714 1513.5356891155243 2073.858591079712 2393.275271320343
7260 1479.6870460181099 367.3924918651581 868.6813060045242 1537.179046869278 2119.7614439725876 2455.134421396255
7320 1522.5390867463868 377.72532296180725 889.7848989963531 1601.0061361789703 2171.7969489097595 2516.4913699626923
7380 1561.0157055947302 385.4151300191879 918.818340241909 1652.6009759902954 2224.656538963318 2564.006768321991
7440 1589.7816539878809 391.6736799478531 932.2539825439453 1676.9671726226807 2267.768173933029 2619.9421204328537
7500 1618.33320162935 384.14394416809085 953.8372151851654 1718.1224160194397 2320.049226999283 2656.210920166969
7560 1628.010254671626 375.1851281642914 946.2639310359955 1728.3007199764252 2333.4413661956787 2683.7154623031615
7620 1629.962865359785 364.37072587013245 918.4889891147614 1730.3475089073181 2351.8296670913696 2712.8649405479428
7680 1664.868167292583 371.3158745765686 944.7967559099197 1778.506982088089 2383.916275382042 2743.11226553917
7740 1666.2016323561759 367.4010534763337 938.3255239725113 1784.0901501178741 2389.324651479721 2765.8596578121187
7800 1690.2600073221283 357.29012715816503 939.5444979667664 1816.0862276554108 2432.5843101739883 2844.175348401069
7860 1718.9399164575307 374.3612131118774 963.3393055200577 1855.5503659248352 2448.627722978592 2895.395737695694
7920 1721.7931531645772 359.97140741348267 941.2975215315819 1838.9112420082092 2479.8987986445427 2953.3016259670258
7980 1760.442942831052 372.9101228713989 944.1075485348701 1894.938091993332 2517.6283710598946 3038.0615364313126
8040 1779.0093732628973 394.36769104003906 948.5656601786613 1894.0161354541779 2531.6009643673897 3071.5911854028705
8100 1789.426076430541 379.74753375053405 937.5211717486382 1889.4535880088806 2558.9018182754517 3127.391356229782
8160 1827.360038708859 374.5200561285019 952.538617670536 1909.4162113666534 2653.02334433794 3200.4144942283633
8220 1843.4184708840673 382.08755559921264 932.5973933339119 1911.2436779737473 2699.225914001465 3242.414286375046
8280 1858.1193147935078 371.5721100091934 929.623696565628 1887.0876920223236 2751.997083246708 3317.784990811348
8340 1887.3903941806093 389.0856963157654 963.6167385578156 1903.3578839302063 2793.5581176280975 3369.4188928604126
8400 1913.6875825267919 378.31971912384034 953.9572434425354 1912.4815011024475 2883.0221118927 3442.0885375499747
8460 1950.6601515727007 400.10940129756926 956.2548173666 1961.407485961914 2941.706637263298 3512.931092977524
8520 1944.1604564031245 388.9468789100647 961.2412338256836 1964.896255016327 2926.8488688468933 3494.3201220035553
8580 1903.867625087771 326.04838254451755 933.8492026925087 1888.5584386587143 2889.9572144150734 3468.1434467315676
8640 1853.6190489247804 293.906663608551 856.3393125534058 1852.0428500175476 2825.870776414871 3428.043110275269
8700 1823.29694959983 252.2469391822815 814.6783680915833 1825.4191241264343 2793.228712081909 3401.6684260368347
8760 1785.2049069377672 234.47708435058595 785.3623931407928 1758.669711947441 2749.383348464966 3377.3290386915205
8820 1766.5291656431934 235.8243325710297 752.0487685203552 1741.5506031513214 2726.5028970241547 3370.8866341114044
8880 1719.1678238134036 226.1322386264801 693.5177519321442 1682.3638241291046 2694.189873933792 3316.632569026947
8940 1713.3276706331858 238.88063051700593 724.4207133054733 1663.3810324668884 2670.897306084633 3290.076573967934
9000 1677.360439133713 233.18424146175386 649.544859111309 1613.1058111190796 2620.3997797966003 3272.484694957733
9060 1675.4563010824238 256.40880393981934 631.8416615724564 1597.1418058872223 2610.913013100624 3239.9960169792175
9120 1651.9270008395245 255.79907622337342 617.3150424957275 1582.0010950565338 2602.300087928772 3212.7198235511783
9180 1609.1756374895715 239.71626396179204 591.6392198801041 1514.740422964096 2564.576727628708 3179.248598432541
9240 1605.0903912872009 247.79896969795226 601.84238499403 1541.309725522995 2538.76895570755 3146.015754389763
9300 1602.0278763798894 246.8138370513916 627.5900419354439 1521.049814939499 2543.8075526952744 3122.3234810829163
9360 1566.9487559937418 258.64581916332247 618.0860220193863 1467.5767358541489 2472.9305035471916 3089.273274564743
9420 1545.0809429693722 247.13373055458072 620.8668061494827 1421.1352701187134 2467.1482796669006 3072.682438373566
9480 1531.740951207968 244.26254796981812 634.4489619731903 1395.146155834198 2421.0467138290405 3038.444946289063
9540 1520.6388055026744 245.56286907196048 630.8389939665794 1381.4740813970566 2402.738101184368 3018.5758085489274
9600 1516.932964052595 257.2999739408493 656.6024481654167 1368.3874465227127 2374.8336167931557 3002.9855150699614
9660 1493.4150775441803 259.84017801284796 646.7224814891815 1326.8738543987274 2333.3378649950027 2977.478817987442
9720 1499.5198772765889 263.7498160362244 645.3494019508362 1331.9707951545715 2337.8416241407394 2962.0588101863864
9780 1475.4416573812937 258.201123714447 637.7987760305405 1272.8689980506897 2318.7400875091553 2934.6282078742984
9840 1448.566229481247 274.47991411685945 638.4939402937889 1264.0557750463486 2242.716984272003 2876.6793682813645
9900 1442.1922899493509 273.61603910923003 643.3797341585159 1264.7035714387894 2241.209217429161 2863.9135468006134
9960 1427.4637917407076 266.2853711605072 662.3198272585869 1277.6424515247345 2184.9885108470917 2828.0780054569245
10020 1440.473305252252 264.4323442459107 663.6281275749207 1307.7974598407745 2225.376410961151 2835.2287013053897
10080 1419.4547337418235 277.85172748565674 676.0541529655457 1316.0624871253967 2139.8098249435425 2764.340250444412
10140 1404.6302517848976 263.3842041254044 662.9241035580635 1309.090810060501 2109.2492748498917 2727.5217781066895
10200 1387.7533221635545 259.52380990982056 653.8044884204865 1283.367838859558 2094.1974749565125 2690.9365661144257
10260 1376.4481681884154 267.1174943447113 661.4665225744247 1292.5962244272232 2048.726279735565 2669.7097129821777
10320 1376.3393509938996 271.21336755752577 674.7961655855179 1303.4680988788605 2036.5023449659348 2648.5294419765473
10380 1377.8976167875492 263.5888831138612 662.5623099803925 1325.1396760940552 2021.238583445549 2634.6380130767816
10440 1387.0101580851308 283.2379418849945 687.8688971996307 1343.4469470977783 1996.2157490253448 2619.5480572223664
10500 1372.8319147221505 266.8491790294647 673.3154110908508 1338.746241927147 1974.280446588993 2594.2496824264526
10560 1366.2787206463877 269.3026319742203 673.7456009984016 1324.6650638580322 1981.5436174869537 2569.1023230552673
10620 1365.5928326671844 258.717178106308 665.2676330804825 1349.1409559249878 2006.924479007721 2545.530508041382
10680 1361.6992006039861 272.65453243255615 669.7900682687759 1342.9520435333252 1999.4490138292313 2515.3018510341644
10740 1359.3884232363737 271.28825187683105 677.6010645627975 1350.9770560264587 2003.8253480196 2493.032578659058
10800 1362.8407361763188 270.0666430473328 691.4616770148277 1358.0972759723663 2015.7270970344543 2460.3892577648166
10860 1419.6726751674353 301.24585554599764 736.3405113816261 1427.5208694934845 2086.639396250248 2536.616200566292
10920 1438.3658778466704 306.16608760356905 750.712121963501 1455.291568994522 2102.582456111908 2552.052988028526
10980 1475.2070360166738 343.7368791103363 763.4983060359955 1478.2853500843048 2155.165513277054 2609.8507793903354
11040 1483.7444086139267 338.20595479011536 777.5052230358124 1479.2951910495758 2175.491776943207 2599.9638907909393
11100 1546.9910844904837 383.5190741300583 826.5178360939026 1546.4791219234467 2270.9593743681908 2720.173797297478
11160 1611.7680492141767 412.78434443473816 875.0384838581085 1619.3813885450363 2338.2409222722054 2799.2649970054626
11220 1637.6068649093163 431.5192724704743 902.9545741081238 1657.6322870254517 2356.8684260845184 2830.3402214050293
11280 1685.161188183861 470.48256440162663 945.7367808818817 1704.9899830818176 2419.6413649320602 2896.0844939231874
11340 1720.0727998125205 469.3761990070343 966.9448689222336 1736.8757600784302 2485.8578774929047 2932.0896549224854
11400 1740.9614551325499 481.322899580002 969.4342219829559 1771.8713269233704 2508.067328929901 2974.690203046799
11460 1778.5755667968922 472.1868669986725 997.5940108299255 1792.4326739311218 2567.287663936615 3039.29426279068
11520 1827.8348204418762 521.8118258476259 1030.4987728595734 1856.5652616024017 2639.6904787421227 3094.2182168245317
11580 1860.0237222096303 500.78019692897806 1080.0495256781578 1895.4074255228043 2663.3387579917908 3139.3494079589836
11640 1893.447786304164 492.3011329174042 1086.7956539988518 1919.985433936119 2731.0884324908257 3221.809393119812
11700 1942.439711211302 516.858090877533 1138.7383069992065 1983.7066600322723 2762.901327550411 3257.809107065201
11760 1963.6737039067011 492.15784597396856 1148.2230939865112 1988.634109377861 2825.9436576366425 3301.4725677251818
11820 2009.3902953605989 507.03730616569527 1171.6155910491943 2039.2472121715546 2871.580829143524 3386.1212358951575
11880 2050.7636395375744 500.2422711372376 1231.660945057869 2080.512669801712 2912.82100045681 3411.250668716431
11940 2090.8482770286028 520.2735947608948 1269.1244465708733 2122.0760930776596 2971.5675887465477 3488.3971158504487
12000 2110.8178212734047 521.2066745758057 1283.0532577633858 2155.4113935232162 3021.327560842037 3510.135318994522
12060 2159.8871061194372 540.6120392322541 1315.4220390319824 2205.5833690166473 3077.3260259628296 3592.896302032471
12120 2166.249933485424 523.4897170066833 1309.637642979622 2214.161379098892 3108.0843490958214 3628.9905170202255
12180 2230.165629407428 537.5411352157593 1387.2226214408875 2257.4560630321503 3182.6973489522934 3739.362112522126
12240 2253.8777583143988 585.6894804477693 1397.9524010419846 2324.328719139099 3193.7694220542908 3729.71826171875
12300 2305.935919098573 610.9009869098663 1422.0638930797577 2367.5305399894714 3278.4290311336517 3801.489123106003
12360 2356.4203824178644 596.8405019998551 1459.5973217487335 2413.1886641979218 3345.8834862709045 3895.084264469147
12420 2386.303586332327 604.2537665367128 1462.8162997364998 2466.933930039406 3381.7824470996857 3918.110715484619
12480 2394.138253227459 612.8674137830735 1453.8310372829437 2473.503255009651 3398.298439502716 3966.38824532032
12540 2458.645279552753 627.1273791074752 1526.6628210544586 2542.5409730672836 3464.554842054844 4050.9015778779985
12600 2456.3696052902997 593.4310100078583 1518.3573331832886 2532.632239341736 3499.6444236040115 4073.3871265649796
12660 2527.495457594903 681.0710202217102 1588.2154385447502 2604.013144016266 3562.516369640827 4122.291567444802
12720 2535.7099376786773 630.9079630374908 1507.07299554348 2628.893660902977 3611.525394499302 4189.627205729485
12780 2595.2302229918023 657.0447514057159 1527.835906624794 2691.3474230766296 3681.0949783325195 4259.92636346817
12840 2630.4555721997444 621.7484130859375 1550.7177290916443 2768.40589594841 3751.5012860298157 4312.2208960056305
12900 2651.2742089486396 614.4327483177186 1605.1545180082321 2738.6197431087494 3748.633208990097 4374.389405298233
12960 2714.3002038309273 679.1545942306519 1640.0459251403809 2850.9075400829315 3833.291447162628 4428.753526210785
13020 2747.887810802224 674.2198456287384 1660.503336906433 2877.201278924942 3887.0108919143677 4480.537727832794
13080 2791.1696961800926 667.5242818593979 1690.0326120257378 2950.169671535492 3936.906826019287 4515.699074316025
13140 2827.502920756576 692.4224776983261 1681.3203006386757 2981.4703508615494 4003.7426018714905 4604.271560645103
13200 2833.0921553687995 693.0973694324495 1684.1572569608688 2974.554144024849 4024.3694793581963 4630.118335270881
13260 2859.8007656681966 661.3214174747467 1688.8310101032257 3009.6750860214233 4082.357444047928 4687.553335905075
13320 2878.5990787253877 684.5167496681214 1694.9906990528107 3043.8336310386658 4065.8680579662323 4757.754682016373
13380 2886.3034166038447 680.4795908927917 1694.3384029865265 3026.2116780281067 4073.2920989990234 4773.59818816185
13440 2926.820995212869 669.419410943985 1684.578498840332 3092.8134779930115 4159.301402926445 4861.3605098724365
13500 2933.7267329594347 662.7546965599062 1705.1491082906723 3090.6450303792953 4139.954090118408 4908.393087792397
13560 2944.2160715448285 674.7416540384293 1689.9442146420479 3104.030842065811 4160.413543999195 4935.4875284433365
13620 2955.801432404185 663.7520366191865 1632.1874309778214 3107.8841350078583 4190.185761809349 5046.051649856568
13680 2972.846762638941 610.3870387554169 1678.9242539405823 3132.7212381362915 4236.524936079979 5082.0016962051395
13740 3036.184795045438 673.9198932170871 1694.6230300068855 3208.3048404455185 4276.132456123829 5173.265849471092
13800 3028.748508463411 649.7917242288589 1670.8584936261177 3188.0861154794693 4282.442199707031 5228.338955235482
13860 3073.76052606616 649.3631255626678 1765.080719947815 3234.390813112259 4301.245399951935 5243.224736166
13920 3090.7822455441633 678.241119170189 1697.8778112530708 3264.3449399471283 4420.5127511024475 5326.450251960754
13980 3098.6661480321063 623.9330611228944 1688.005865097046 3256.769901037216 4474.648736000061 5396.07373290062
14040 3150.4221095720154 682.413104057312 1752.6063225269318 3320.1998550891876 4530.189516067505 5465.530225038528
14100 3148.1433119594335 683.7268874645233 1687.9810280799866 3322.2493669986725 4539.332031548023 5465.208380270004
14160 3212.998585435397 630.1196630001068 1746.074108839035 3378.5102491378784 4677.667766094208 5605.757572889328
14220 3221.7272463824506 717.2768385887147 1705.223515033722 3356.5744791030884 4715.722628712654 5675.526292753219
14280 3211.5149373023887 650.2012225389481 1671.820221543312 3367.2492899894714 4740.141853153706 5683.865050911903
14340 3259.241597054161 667.8455636978149 1706.0516271591187 3397.964919090271 4796.721306085587 5777.820000696182
14400 3270.9221154409283 671.6470262527466 1678.296721458435 3391.6551829576492 4843.631001353264 5774.887549877167
14460 3311.139005625809 731.6108931064606 1687.0246350765228 3363.4742012023926 4902.855437040329 5909.654267406464
14520 3347.510291926924 702.2655775070191 1747.5910031795502 3398.218502998352 4987.274009943008 5943.997578907013
14580 3338.730544913454 623.7984025478363 1629.8930134177208 3402.3366849422455 5032.027886092663 5932.2950176000595
14640 3396.0910451605405 672.0934228420258 1680.4118062257767 3414.6904973983765 5114.973344504833 6032.793843221665
14700 3368.5352190111143 668.7479449748993 1692.432717204094 3365.0459798574448 5084.206189274788 5996.221115446091
14760 3359.517427751059 618.8413140773773 1655.910173535347 3388.8503370285034 5066.132952094078 6007.342071056366
14820 3315.9732297599876 623.1045880317688 1600.5879893302917 3334.2946964502335 5013.941676855087 5984.6427090168
14880 3277.220352087697 528.0609863996506 1543.4875038266182 3347.9457318782806 4977.594325721264 5960.928375530243
14940 3256.339972402188 500.03153777122503 1483.6008046865463 3295.6021983623505 5009.859743833542 5962.581039571762
15000 3193.0809411068444 460.95642933845534 1412.3747500181198 3252.1112377643585 4920.355623483658 5936.255061817169
15060 3205.5347364293984 457.81325173378 1527.7590069770813 3215.3123581409454 4890.88741517067 5910.50138502121
15120 3220.6541234338933 422.1192259788513 1444.800353050232 3236.726490020752 4951.606908559799 5949.456993103027
15180 3251.7467813512835 454.78406405448914 1415.5603085160255 3272.844321012497 5041.69922041893 6015.387746667862
15240 3358.2978198740225 519.9764368534088 1527.0215718746185 3379.9644877910614 5169.28392291069 6132.707860946655
15300 3377.164755877757 547.6159470081329 1569.0289778709412 3382.631341934204 5169.631429195404 6214.642798900604
15360 3377.118474237792 578.2770245075226 1585.2451691031456 3383.0961439609528 5142.509630262852 6210.399085998535
15420 3401.027091552923 596.8950913190843 1593.8389475345612 3415.2562119960785 5174.110568344593 6235.191558575631
15480 3438.0349802418405 629.6680061340334 1569.372778892517 3422.648102045059 5275.358339071274 6323.3741307258615
15540 3473.5887814945863 655.6231801986695 1553.990741968155 3525.3627560138702 5299.310554027557 6365.849089384079
15600 3504.7217718577785 679.3726880550385 1639.9054160118103 3495.101236820221 5335.47138094902 6384.144644021988
15660 3514.033940854061 705.4489995718003 1576.0698565244675 3521.5668065547943 5373.472084283829 6480.901092219353
15720 3576.0023472981134 737.845804643631 1701.6468678712845 3579.754642009735 5407.232233583927 6523.51854147911
15780 3597.3979681477726 760.9318079948425 1658.8680589199066 3570.0424740314484 5507.655712664127 6575.670148968697
15840 3653.6678582066565 750.4419011831284 1648.3640063405037 3708.7808475494385 5580.956521987915 6645.1466257095335
15900 3640.717246919384 776.7707295894623 1678.9051674604416 3641.4475150108337 5503.956654071808 6653.39508857727
15960 3721.469335171417 850.41450176239 1739.4559651613235 3739.360694169998 5622.017992138863 6698.104541063309
16020 3760.2751791671544 773.4023678779602 1703.60477912426 3838.742600917816 5675.9552401304245 6792.012376785279
16080 3677.4796942404473 735.4137135267258 1640.5863851308823 3629.2451244592667 5607.215097129345 6833.900027966501
16140 3812.9910117976847 825.9115491867066 1742.6515404582024 3813.0170191526413 5809.139039635658 6945.744353580475
16200 3781.7420253244904 779.3115445375443 1730.9981426596642 3691.8769339323044 5781.7771609425545 6977.67275595665
16260 3851.4461088364064 834.631558227539 1805.0138700008392 3760.5622470378876 5832.94701397419 7028.7211740493785
16320 3872.797437420024 794.0222074508666 1839.8266134858131 3860.476744890213 5829.68415158987 7044.206756353379
16380 3885.514881474102 800.3778721332551 1759.0116319656372 3850.819859981537 5912.626830101013 7102.279314041138
16440 3981.196446040524 845.4893113613128 1852.2596152424812 3907.352502465248 6046.035316348076 7237.140205645561
16500 3953.8702027533436 829.8997219562532 1854.1458032131195 3944.964521884918 5951.615063130856 7233.403868865967
16560 3938.7372580686297 720.7244166612625 1845.079970896244 3878.9426254034042 6011.316721260548 7239.442093062401
16620 4019.7891296313787 824.8134700775147 1888.0429129600525 3986.0689980983734 6091.976721048355 7337.287222719194
16680 4050.6439022306527 746.942248916626 1907.8537209033966 4042.851191997528 6129.394503355026 7424.350324440003
16740 4001.401699813299 772.2994235038757 1897.3733670711517 3859.049097061157 6106.976039886475 7421.917688846588
16800 4118.6117135767445 824.2473111152649 1976.5287477970123 4075.2719740867615 6200.569792985916 7509.387444019318
16860 4125.348449142711 821.4792387008669 2063.6269141435623 4036.8179808855057 6202.34690362215 7501.260402154923
16920 4146.201664982562 782.4683456897736 2040.7845162153244 4114.50242805481 6260.365683197975 7579.871479368209
16980 4210.3674789744555 827.5636303424836 2064.451969563961 4137.616413474083 6431.481466472149 7696.748228693009
17040 4257.874076074962 870.6750640630723 2084.273839533329 4241.048192620277 6409.434813141823 7779.728558826447
17100 4290.167932774738 783.5611069202423 2117.7186119556427 4250.977378845215 6501.397166013718 7786.053390979767
17160 4323.00737221174 838.034590959549 2156.920084953308 4351.6075348854065 6460.531010985374 7836.23949098587
17220 4413.805767393666 854.80812458992 2156.631367266178 4368.127454400063 6681.452769815922 7989.786312222481
17280 4385.748572887078 831.0860213994979 2172.6887534856796 4377.751289010048 6612.579480826855 7949.674723696709
17340 4406.450024411108 859.9020991325378 2211.4485931396484 4376.925898075104 6597.872179031372 7960.548205757141
17400 4399.493528011031 853.1799952030183 2165.6530972719193 4315.831768035889 6648.951279759407 8036.492163276673
17460 4356.738886235192 778.9881041049957 2099.899719953537 4332.117624998093 6577.198909878731 7986.130385875702
17520 4308.236113913894 738.1110968589783 2065.408849000931 4299.34822511673 6539.122994184494 7940.687348842621
17580 4378.926016257183 762.1145977973938 2161.5431208610535 4334.996232032776 6677.770140171051 7972.536674976349
17640 4288.644714898579 708.8779187202454 1998.0296617150307 4243.540794610977 6544.6197744607925 7914.743995809556
17700 4249.580944116106 731.8399234056473 1986.6133932471275 4175.30522954464 6504.7851848602295 7897.003687906265
17760 4233.467809838897 642.8078219890594 1857.7186710834503 4217.96568608284 6505.945120096207 7858.166454029083
17820 4203.288737517283 616.8371487617493 1910.305834889412 4194.623362064362 6466.5579290390015 7836.716324090958
17880 4152.259411674958 599.8706385612488 1837.275456905365 4151.243376970291 6339.178328990936 7787.121103858948
17940 4151.5321473705735 582.1279423713685 1855.6362290382385 4116.444758892059 6316.698372125626 7775.804810380937
18000 4120.13022267861 562.2118267536164 1817.7851219773293 4016.7138479948044 6393.558532357216 7746.54398059845
18060 4100.36550699477 557.7746270179748 1753.5411984920502 4118.765317082405 6324.557387411594 7686.765470528604
18120 4118.149185764921 629.0542149543762 1838.441653728485 4108.854405045509 6292.257987499237 7644.3252774477005
18180 4019.0285965454154 573.5974298000336 1696.9077452421188 3896.9579590559006 6316.997315645218 7592.38212296963
18240 4024.785344233664 565.6250479221344 1710.3669339418411 3937.666084051132 6302.006722211838 7592.722441911697
18300 4003.814994242292 574.3337096214294 1710.895800113678 3917.884266138077 6230.47146320343 7607.901639270783
18360 3965.027575928835 605.2504389286041 1692.7426444292068 3862.956066966057 6153.472251772881 7525.254575252533
18420 3950.6791392000555 538.608515381813 1633.3481416106224 3866.170887351036 6173.327955245972 7537.027853941918
18480 3960.074030776224 594.1063928604126 1660.6270344853401 3846.440178513527 6189.350958049297 7539.069863343239
18540 3934.132225836878 614.2553621768951 1578.4721129536629 3856.626062989235 6133.751353979111 7545.366568374634
18600 3903.9228136626025 587.9779469966888 1616.4353330135345 3835.209916114807 6030.246120929718 7463.509159946442
18660 3933.5208531932 614.2779915332795 1641.4570380449295 3847.4387640953064 6108.101894617081 7451.210618257523
18720 3876.3694841088322 568.8641606330872 1570.8986608982086 3771.5627279281616 6027.3491451740265 7425.345862865448
18780 3772.8888122441626 549.3702659606934 1453.71926009655 3569.8300681114197 5894.203119635582 7374.816024065018
18840 3821.567089021564 560.8766989707947 1434.98682397604 3665.8534494638443 6031.013157188892 7381.052239537239
18900 3842.1550926394016 582.4491034984588 1535.9801757335663 3747.496712565422 5970.702671289444 7353.350000858307
18960 3714.893183498134 574.2464309215546 1401.5942571163177 3519.1584758758545 5847.596581935883 7325.7510160923
19020 3820.0633691233493 613.2689219474793 1551.2623579502106 3652.4202518463135 5921.652755498886 7380.23712129593
19080 3694.9068525426806 573.8828141212464 1428.2774045467377 3498.9653639793396 5793.16879940033 7259.706206941606
19140 3761.608464972728 609.001065015793 1549.2950914502144 3637.9659205675125 5814.366948246956 7295.896612787246
19200 3744.061386256806 606.8193569898606 1479.7666353583336 3591.1037966012955 5892.700396001339 7275.377904653549
19260 3706.3883028974337 619.2629732370377 1544.7451345920563 3492.5305149555206 5802.796118199825 7169.963668727874
19320 3708.0325164885917 612.0574035644532 1509.2404771447182 3556.2596299648285 5799.550313413143 7187.698512673379
19380 3702.0140679013775 649.1204631328583 1550.6814321279526 3509.8506078720093 5786.015987992287 7165.040662050247
19440 3598.9680999585935 558.0347934246063 1438.1466074585915 3384.432898402214 5640.177013158798 7069.152884244919
19500 3661.573936504316 633.1595370769501 1577.681564450264 3445.705684900284 5668.230526566505 7138.99719119072
19560 3616.5917271167114 618.8830034732819 1531.117086827755 3396.5417759418488 5641.7305508852005 7049.424506902695
19620 3612.113513769189 640.2773579359055 1522.3586902618408 3326.6409565210342 5649.9125943779945 7071.553575515747
19680 3567.0836544946474 630.1550599098208 1524.2810430526733 3299.888036131859 5555.738124072552 7012.44081299305
19740 3563.18369723522 611.1735424041749 1540.7483454942703 3312.110992908478 5521.9435160160065 6937.204741382599
19800 3639.700280544256 674.5347348690034 1534.1578588485718 3353.660850048065 5600.5671210289 7120.958461380005
19860 3715.997407672222 657.1468916893006 1608.6152300834656 3424.671220064163 5756.7200429439545 7226.674076318741
19920 3689.0623629481465 701.2894484519959 1571.343409538269 3367.279184818268 5775.542874455452 7227.953086805344
19980 3788.8218781752043 771.8678848743439 1671.944391965866 3490.3365399837494 5889.686859846115 7337.332250833511
20040 3800.057134475604 740.260737323761 1661.8080204725266 3521.031688928604 5855.057363510132 7394.117148733139
20100 3797.8648317984325 772.100581407547 1683.3471465110779 3559.9267894029617 5877.169808983803 7339.400925517082
20160 3862.607581700731 746.4801600933075 1697.106139421463 3604.3275361061096 5944.497593522072 7446.853852701186
20220 3929.134067902104 850.8212076663971 1766.207249224186 3663.9717829227448 6001.684347033501 7509.119385862351
20280 3954.944356827456 867.4168186903 1795.39358741045 3682.0139659643173 6058.989686191082 7554.179568839074
20340 4012.5375725294934 892.1805544376374 1852.9543240070343 3695.6668272018433 6180.520050048828 7585.957087993622
20400 3995.0805318751018 901.850335407257 1847.4458628296852 3711.2181389331818 6099.690434813499 7634.392072463035
20460 4095.5904331660245 943.2381035089493 1993.870152413845 3825.4170866012573 6205.381572723389 7720.83195400238
20520 4113.412448720765 995.9584257125855 1972.006712436676 3784.6343240737915 6236.498506903648 7769.244848537445
20580 4101.288139254101 932.9158528804779 1941.8371089696884 3699.755799770355 6279.87474501133 7890.368816232682
20640 4199.203841240439 1017.8886281251907 2024.6436432600021 3867.930631875992 6384.5910568237305 7907.8836357593555
20700 4186.99910350441 982.2359426021576 2025.4649519324303 3902.280822992325 6378.186584949493 7874.938621163368
20760 4258.640378963952 1069.479058289528 2062.1243314146996 3908.433531522751 6466.533414781094 8004.925327110291
20820 4205.349083555689 1040.02637424469 2070.1955699920654 3857.434947013855 6383.587375879288 7951.928492450714
20880 4314.574138836858 947.7599823474885 2089.2346408367157 3992.3038828372955 6572.164286851883 8105.178572893143
20940 4267.653332115763 978.3200149536133 2126.972545146942 3873.3104519844055 6434.792013883591 8124.938881111145
21000 4367.76670347288 1036.4305094242097 2176.882539987564 4006.321280002594 6583.908632040024 8186.071460866929
21060 4379.084697636487 1007.4274887561797 2203.497079730034 3901.8425641059875 6638.4883961081505 8343.288874912263
21120 4454.833271739829 1092.7270664691926 2225.9382467865944 4048.3175555467606 6729.165623724461 8367.637937760353
21180 4422.357514367839 1077.3106834888458 2253.8509575128555 3988.1184759140015 6670.218522191048 8267.307220458984
21240 4484.370631077988 1031.6080658435822 2263.736831367016 4048.2660170793533 6808.513990700245 8462.358053922653
21300 4543.275854233537 1047.5252212524415 2349.5534897446632 4201.027787566185 6806.535496354103 8478.478284311295
21360 4596.351981321566 1112.8920973300935 2349.817817926407 4239.731016874313 6877.911694049835 8593.626014232635
21420 4645.521049799371 1235.2691205501558 2472.5333771705627 4229.329169988632 6914.808775901794 8619.555426216126
21480 4647.894874792602 1186.1445989608765 2469.4756969213486 4301.060243844986 6878.165053844452 8531.63051199913
21540 4731.690593974923 1149.0171098709106 2457.223263978958 4334.725731134415 7053.759874641895 8749.88146982193
21600 4704.543357440403 1101.8791176080704 2466.999113857746 4390.167237639427 6893.426216244698 8551.195568704607
