0 16.32926357919338 2.123112201690674 5.334419012069702 13.58125901222229 25.17799401283264 35.6554491519928
60 51.927960087910805 13.852011919021606 31.339537143707275 52.61002707481384 72.05640721321106 88.25130891799927
120 20.82380316943314 2.785902976989746 6.811119079589844 15.347232818603516 28.13856291770935 41.60726594924927
180 19.102264404701494 2.557096004486084 6.506011009216309 16.125545024871826 29.32805585861206 40.82323694229126
240 17.809701831513323 2.721806049346924 5.804512977600098 14.564574003219604 26.87567901611328 38.85202193260193
300 18.52673096417019 2.891657829284668 6.355036973953247 15.487984895706177 28.592473030090332 39.9092230796814
360 18.454628624607434 2.9756150245666504 6.5252439975738525 14.984390020370483 27.953028917312622 40.163246154785156
420 17.507396466229384 3.014439105987549 6.595019102096558 13.643966913223267 26.315531969070435 38.37179398536682
480 18.016967722634405 3.2213990688323975 7.225802898406982 14.24041485786438 26.61646318435669 38.727755069732666
540 17.323201325527698 2.909954786300659 6.99911093711853 14.2216157913208 24.770323991775513 37.05226016044617
600 17.67530655765331 3.050189971923828 7.24161696434021 14.781546115875244 25.15251398086548 37.41592569351203
660 17.257967480286773 3.1281180381774902 7.144621133804321 14.748289108276367 23.673344135284424 36.8612052679062
720 18.098138143890388 2.9972589015960693 7.781818151473999 15.891814947128296 25.201898097991943 37.36718702316284
780 18.31901030344872 2.9990830421447754 7.679534196853638 16.501769065856934 25.83688998222351 37.61083698272705
840 17.988340733127384 3.1368470191955566 7.446551144123077 15.737475156784058 25.992769956588745 36.47548050880433
900 18.47774409464395 3.0997509956359863 7.735079050064087 16.773746013641357 26.681563138961792 36.635372924804756
960 19.70765875835244 3.5878899097442627 8.638514041900635 17.906119108200073 29.489459991455078 37.34093618392944
1020 19.69628842330289 3.121575117111206 8.687438368797302 18.48846197128296 29.141894102096558 37.05032210350038
1080 19.87770791854614 3.469327926635742 8.466497898101807 18.050095796585083 29.83868718147278 38.388929057121274
1140 20.03901612887164 3.68370532989502 8.685065031051636 18.05906105041504 30.612852811813354 38.68459815979004
1200 21.115314286934648 3.4872701883316046 9.410135984420776 19.64983296394348 31.836429119110107 40.51436686515808
1260 23.54317914451846 3.974761962890625 9.846208095550537 21.301942110061646 35.820008993148804 47.444746017456055
1320 41.72122618779371 5.758934521675111 15.013700008392334 33.048667907714844 63.81773400306702 94.9192016601562
1380 47.39534343753085 9.40637993812561 22.629659175872803 46.17997097969055 66.145183801651 88.07342672348025
1440 32.827166124049306 5.6293442964553835 13.561389923095703 26.55079412460327 45.12756896018982 73.11301522254945
1500 50.41891445248841 13.033110976219177 31.16678112745285 52.31241583824158 69.18461799621582 81.86660254001617
1560 34.30875111577125 5.278301668167113 14.007390022277832 27.773035049438477 46.90838003158569 77.09845185279846
1620 53.45371718828584 14.056064653396607 33.303120136260986 55.283926010131836 74.2239260673523 88.0000581741333
1680 74.76178840611625 14.171637487411505 34.905285358428955 72.86772847175598 111.63241291046143 137.3468007326126
1740 54.54952084959763 6.875925064086914 17.053617000579834 40.771097898483276 86.08833479881287 124.76782512664795
1800 53.871726256626474 19.406126022338867 34.76454401016235 54.69720494747162 72.74909400939941 87.7472231388092
1860 82.3289518387742 18.769747018814087 47.512032985687256 89.78191494941711 113.17895102500916 134.94182682037354
1920 57.64126298526027 7.127335071563721 19.060558795928955 45.04890203475952 90.13966512680054 127.66377091407776
1980 52.95433643994527 16.29935848712921 32.407171964645386 52.90197396278381 71.80168777704239 89.76840615272522
2040 87.21963834855826 22.550432872772216 55.46967792510986 95.3260850906372 118.86816191673279 135.42268109321594
2100 106.28596223143236 19.63073182106018 49.76948195695877 104.97611999511719 162.03870552778244 192.82985587120058
2160 85.78500196503268 10.960810899734497 30.51299798488617 77.15745496749878 134.5575430393219 176.147365307808
2220 52.74650301698899 11.572911024093628 27.20686101913452 50.830419063568115 76.80057346820831 95.86824009418488
2280 87.89775776886677 28.418946981430054 58.59219574928284 89.88967847824097 119.12598204612732 141.72992045879366
2340 125.35101036513089 31.81064200401306 81.7304025888443 136.0440149307251 171.63976740837097 195.48216485977173
2400 141.7597963297012 30.634572982788086 74.70153641700745 149.4314160346985 203.89797961711884 244.17303628921513
2460 118.110652064516 14.636705780029297 41.37015801668167 110.85649943351746 186.55143409967422 235.51617407798767
2520 67.00217842469833 12.049337816238404 30.598970890045166 60.39623212814331 96.93439388275146 131.88230023384097
2580 82.70340962611704 25.720926713943484 49.77244186401367 83.02092289924622 115.36464715003967 138.53333806991577
2640 124.51919613166712 36.032349061965945 83.85323596000671 130.72163701057434 170.45720851421356 196.27569007873535
2700 157.77162843074342 41.211350202560425 100.9151040315628 172.2284618616104 218.19399309158325 246.59236230850226
2760 171.98554521034924 34.27649927139282 89.42524665594101 180.11051416397095 249.89438796043396 299.39910984039307
2820 148.2790353428582 17.475019097328186 52.09885507822037 140.5500944852829 237.92337661981583 289.6882219314575
2880 90.93506644863106 15.624214720726014 37.744992315769196 75.99924898147583 137.66562831401825 189.88822321891786
2940 80.92569827122087 20.18012809753418 43.87746453285217 82.39408206939697 116.10058581829071 139.62400007247925
3000 119.48427410649118 38.668357849121094 78.74011993408203 122.39857506752014 164.84824800491333 191.96631288528442
3060 159.32079369510902 43.86206712722779 109.10008037090302 169.13507390022278 218.4318104982376 249.39647703170778
3120 191.4396962580344 48.601552963256836 119.25417733192444 210.5060441493988 267.71099519729614 299.3617045879364
3180 200.56267276730605 39.41146397590637 104.48389679193497 210.74118506908417 291.4888342022896 348.4497618675232
3240 175.30670331260222 21.237228870391846 64.69950580596924 169.34847688674927 278.18820786476135 340.73785185813904
3300 115.13046677044329 17.455716133117676 42.950356006622314 93.63431692123413 181.70729899406433 242.84055056571964
3360 85.48614997003442 17.360216856002808 41.62026000022888 82.92236399650574 124.85172700881958 157.42641053199767
3420 116.14580138964835 38.39990210533142 72.61734914779663 116.82478094100952 161.6883590221405 190.61636443138121
3480 156.47774880708323 44.9708071231842 106.11230033636093 162.92359054088593 216.35138392448425 248.7057920455933
3540 197.11396105545464 53.89168462753296 135.76901197433472 210.40995597839355 270.7954008579254 305.27122535705564
3600 225.1163314351484 52.83859896659851 137.8114149570465 250.5820050239563 313.39721751213074 351.5596135616303
3660 232.22808658498772 49.22377669811249 119.51219415664673 245.5357699394226 338.2053928375244 405.3058648109436
3720 252.02251289491986 43.33763589859009 118.12065410614014 252.70981812477112 384.8936173915863 458.07743043899546
3780 233.88330926036525 27.382985115051273 90.30368089675903 226.23477697372437 369.89175391197205 450.0857620239258
3840 167.81290762803172 22.805094957351685 57.28281903266907 143.97063291072845 271.3206864595413 349.70404386520386
3900 123.9460364237581 22.251654148101807 54.5062141418457 109.86744093894958 183.53449010849 250.29873704910278
3960 111.94590790143674 27.079212474822995 58.8259060382843 111.0745861530304 163.99730896949768 198.77303342819215
4020 148.74843098798334 48.61614501476288 91.1394020318985 150.01026153564453 208.91490936279297 244.91147792339325
4080 190.52148138928578 59.830755949020386 130.33028411865234 196.64331889152527 260.95601415634155 301.31546998023987
4140 230.55892479355234 64.17136812210083 162.7941279411316 244.87401604652405 316.9953570365906 359.1062648296356
4200 266.8037468421092 72.99343323707582 175.09722805023193 288.35102105140686 366.3273620605469 415.4613809585572
4260 288.3036756585249 70.95739736557007 175.0756480693817 322.26586294174194 397.50467896461487 453.2380781173706
4320 294.5633563569235 59.10630798339848 155.49671113491058 312.58134162425995 426.7373544573784 508.7328678369522
4380 314.6948617051195 57.31327414512634 148.55524396896362 314.1223440170288 481.852502822876 569.165535402298
4440 292.21975826046025 34.416481018066406 116.05940508842468 289.0233700275421 461.586030960083 553.5438711643219
4500 224.78024039890354 29.920284342765815 73.88542431592941 200.86443901062012 364.4160915017128 462.3206988811493
4560 170.71002239468788 28.326704144477848 69.33029794692993 142.67293453216553 263.79663425683975 357.54530041217805
4620 137.9513018764903 25.93659806251526 64.20189189910889 130.79245495796204 199.4273500442505 265.2633979558945
4680 139.03688860066418 35.08619771003723 75.59575355052948 139.4334011077881 202.61323285102844 242.23020911216736
4740 183.0136277845076 63.14816558361053 113.35875105857849 183.6604014635086 257.71569442749023 299.30117328166966
4800 224.2809771825163 73.8536702156067 152.27427101135254 229.42291903495789 306.8767075538635 355.78907265663145
4860 263.1606860174803 75.31900842189789 185.7527393102646 276.4974924325943 361.34533500671387 414.4714757919312
4920 302.6127062799642 81.5300841331482 208.6717745065689 323.4656059741974 415.5175920724869 470.483549118042
4980 338.432947442913 88.41618294715883 226.49946558475494 367.08052349090576 465.4242872595787 524.6277601480484
5040 347.66106116314484 79.09084191322326 207.4771341085434 390.06816697120667 480.19299852848053 551.2758768558502
5100 355.98318498770396 74.16902909278869 186.1096498966217 370.96742701530457 522.724859893322 617.3034094810487
5160 380.43588031376356 74.0723926782608 186.8167519569397 383.6044330596924 573.1466181278229 681.3763358592987
5220 346.68686920966326 43.6271390914917 145.2287724018097 338.63997292518616 546.9520300626755 659.4124388694763
5280 278.8674008586806 33.12946891784668 85.46056401729584 257.08004212379456 455.1845849752426 572.980096244812
5340 223.56726276981615 32.72503037452699 81.95233952999115 182.8649855852127 363.1527301669121 475.3631646394729
5400 179.98683145060156 31.66045083999634 80.60786080360413 158.66617393493652 268.0418629646301 371.2004511356354
5460 156.94521175089636 31.5436429977417 76.5670804977417 154.9013900756836 231.1566936969757 283.5273572444916
5520 171.1184984293812 43.9949631690979 92.83193695545197 169.58381009101868 250.8424624800682 298.5496914386749
5580 216.49752194847932 77.0903868675232 135.10935711860657 220.4152500629425 300.8981759548187 354.33145065307616
5640 257.61521992173357 83.38577919006347 174.04536747932434 264.73553800582886 354.32206201553345 410.39298164844513
5700 298.5283425777292 88.74924612045288 210.59378910064697 307.444619178772 412.086786031723 470.0048098564148
5760 337.7870256532821 98.49424910545349 236.07246059179306 355.50540494918823 461.84295749664307 525.7868556022645
5820 375.6834672362465 105.86117196083069 256.2907979488373 404.4489600658417 514.1402471065521 581.1818684577943
5880 404.27924798646825 105.54323639869692 254.6846261024475 445.2286570072174 561.2306915521622 627.3290960788727
5940 413.06759837925057 98.70884113311767 242.515629529953 464.99955701828003 570.0947604179382 659.5524928569794
6000 414.89460989235863 81.29235119819641 213.65762996673584 433.86509907245636 609.6802300214767 730.8570201396942
6060 437.2899656223061 78.5738732099533 207.302663564682 440.06978011131287 663.4553270339966 791.4483721971512
6120 415.20980563595117 55.593608140945435 181.86592149734497 417.36155700683594 646.1714570522308 771.666831445694
6180 338.5783106580169 36.456716656684875 109.12413501739502 320.7197823524475 548.4894632101059 679.123125576973
6240 279.6461194416405 40.76343297958374 99.05394005775452 246.8760871887207 450.178081035614 576.0205619335175
6300 224.80171569992368 34.26653814315796 92.15421509742737 187.46111702919006 347.4234039783478 472.5761878490448
6360 190.71664406971624 34.2646119594574 88.27108192443848 180.421728849411 276.70608353614807 370.73934526443475
6420 175.03398903781914 36.58759407997132 87.30156815052032 173.60848903656006 260.16879200935364 314.42442202568054
6480 204.40421094653547 63.620515203475954 117.78008008003235 202.67600202560425 292.3477885723114 349.8912181854248
6540 250.23468757254062 87.4825591802597 158.19679248332977 255.55426847934723 349.0823685526848 409.0268988609314
6600 289.30967483452645 89.70971846580505 194.5721879005432 296.91158509254456 400.6032259464264 462.9461510181427
6660 332.0368243571964 103.5250994682312 232.5959861278534 344.4643998146057 454.3782241344452 522.436595916748
6720 373.1481361462903 99.12007212638855 263.52144598960876 396.34600710868835 513.1465678215027 583.5624070167542
6780 410.57022572103733 113.02317457199098 275.24787187576294 438.84207582473755 564.7983860969543 640.8488510131835
6840 448.2918202038988 113.97510738372803 301.44336998462677 487.7924270629883 615.2698110342026 693.5920669078827
6900 467.87919196087455 123.17472438812256 285.8880543708801 520.7533769607544 646.9947720766068 728.612677192688
6960 463.76938111874455 97.82567157745362 266.78715312480927 524.8588764667511 648.8869911432266 756.0855584621429
7020 476.73057811839766 99.14834604263305 243.12008833885193 496.7871171236038 705.4349357485771 838.8245466947556
7080 504.1798176500127 99.43849883079528 250.54368525743484 519.5835385322571 757.770482301712 890.1838028669357
7140 473.9883768859908 58.929206132888794 212.3398311138153 474.52938580513 738.6531608104706 876.4993321418764
7200 394.2427438578224 41.47392988204956 128.09252500534058 372.27312898635864 643.36789894104 792.1575140953064
7260 328.0110460004519 43.95158128738404 109.56368398666382 291.8656690120697 533.0196015834808 678.8072516918182
7320 280.85157165265906 39.558165407180795 105.20390248298645 233.63246202468872 442.5915929079056 589.632700920105
7380 230.20203672720265 40.67294850349426 96.32089281082153 199.61831402778625 354.31063520908356 475.45653145313264
7440 204.1246866992066 35.79792778491974 96.30754268169403 195.13036394119263 298.7228869199753 385.52246682643886
7500 193.30657286504163 38.80486867427826 96.8933635354042 191.07286393642426 287.2547717690468 352.58360290527344
7560 244.03366986529986 78.46828579902649 142.43460988998413 247.1599428653717 346.3428039550781 406.43060302734375
7620 284.3052974706232 97.1673253774643 178.82253640890121 289.04029059410095 400.9121637940407 463.33490347862244
7680 327.78564405640174 109.89187002182007 219.96821999549866 336.1951344013214 450.71645206213 521.3438874483109
7740 368.7281122657066 114.25728297233582 263.81303882598877 383.821350812912 504.39486718177795 575.9709336757661
7800 400.5987786661802 108.06042296886444 284.56720328330994 417.1172480583191 550.8779308795929 632.7808418750764
7860 445.4488831353111 127.03511340618134 306.5086979866028 476.39573752880096 610.0595062375069 688.8722872257233
7920 479.36920753063674 130.16356101036072 314.17908847332 520.0953481197357 661.7873874902725 744.4863425731659
7980 516.597998720735 130.60922105312346 336.19768196344376 562.1648168563843 714.4942336082458 807.193568444252
8040 538.0883253756634 134.5409712791443 323.45829701423645 603.8645560741425 744.0140969753265 832.9542780399322
8100 533.7487548360967 131.3011669635773 304.84249728918076 605.0298960208893 739.4964780807495 867.3190975666047
8160 543.3494931577585 103.43866405487061 280.03058660030365 580.3830099105835 785.7379690408707 937.3121166706086
8220 548.9081483946167 100.45810809135438 260.08305382728577 546.5558519363403 827.0453745722771 1002.2832435607911
8280 597.0366255450272 113.57111096382141 298.93750125169754 610.0506139993668 892.0894334316254 1056.6972290992737
8340 561.6821076969482 89.29262614250185 257.38306188583374 555.3149170875549 869.445760011673 1039.0652406215668
8400 486.05779665449927 54.18051891326905 177.06736314296722 468.94603860378265 787.5269027352333 950.67777197361
8460 425.66830759984543 53.82435176372528 137.10382211208344 395.2494070529938 681.9268361330032 862.5414651870727
8520 355.07928034709994 47.4228310585022 126.6935019493103 311.95886611938477 570.622162103653 742.9340229988098
8580 310.14894003295956 49.343788361549386 127.64584648609161 261.0132064819336 484.9099372625351 647.7759384632111
8640 269.5391341330128 48.45611276626587 120.43829602003098 243.21233201026917 406.6601976156235 543.7742587327957
8700 238.0623730748892 42.874890470504766 113.56210899353027 228.86547553539276 348.84069442749023 451.4516918182373
8760 228.78674035410094 45.41318612098694 112.55142998695374 226.64935493469238 339.5898870229721 411.5035542011261
8820 263.7582188834568 71.22054100036621 143.26497495174408 264.30850100517273 385.6662790775299 458.2638819217682
8880 313.9218490245265 105.87404618263247 186.05410289764404 316.67121613025665 445.9594525694847 515.2540535449981
8940 355.5347546874984 130.04965748786927 227.07604491710663 366.55485677719116 492.6553235054016 569.9067958831787
9000 396.2759092798707 122.5040031194687 269.4274302124977 408.3589314222336 544.2235115766525 628.8990309000015
9060 439.1753835285191 134.81687994003295 302.4213282465935 458.20371305942535 606.8054997324944 690.5484380722046
9120 478.5770051043022 142.16160731315614 341.0525745153427 505.840194940567 654.6226301193237 744.4280934333801
9180 513.7103636544862 144.88792104721068 353.0347566604614 546.3987851142883 706.0762884616852 799.2239238262176
9240 555.8053367291478 157.04146194458008 375.9428038597107 601.33939909935 761.2407870292664 856.6700551509857
9300 589.2412734722 157.31869468688964 393.0092232823372 633.979863524437 810.4815492630005 914.5237957954407
9360 620.3037188877643 158.2355853319168 390.3478459119797 684.0652323961258 859.8535323739052 965.2942008972168
9420 625.3613403215037 142.96676976680754 370.88499188423157 699.9333820343018 869.8082630634308 979.912156176567
9480 626.4988350425499 136.02664647102358 355.54181158542633 702.2704718112946 872.3325539827347 1038.696055793762
9540 628.5706691596349 128.84892373085023 325.8210470676422 658.1857211589813 908.7925231456757 1097.4757561683655
9600 661.6096397054332 127.18105101585388 327.3200454711914 675.4398050308228 997.4521799087524 1178.092572927475
9660 668.3550348409134 123.76800765991213 313.2397539615631 666.853926897049 1015.7291791439056 1221.8210427761078
9720 648.5495995872518 101.4470698595047 285.8938817977905 643.5064206123352 1009.4592961668968 1201.2722351551056
9780 574.7680204444388 58.6082038640976 222.10758978128433 570.8523470163345 899.8473210930824 1113.705101633072
9840 494.8694677304932 57.02884578704834 157.4649693965912 453.4765558242798 799.0996288061142 1005.3295459747314
9900 439.45416899294804 59.20054912567139 149.52219200134277 384.5937240123749 718.7146087288857 914.440162062645
9960 391.7413552687718 55.46891188621521 146.5299551486969 322.4682729244232 639.7271480560303 816.8331358432769
10020 334.5750487763532 55.68356204032898 136.93794298171997 276.14584398269653 522.6563029289246 712.3715760707855
10080 298.40533339528815 51.45829968452454 135.8284261226654 266.8751230239868 437.417503118515 609.5500719547272
10140 274.8348768981055 51.567692041397095 132.34237599372864 267.17073583602905 402.5731179714203 513.8111230373385
10200 261.9133368953611 51.97658572196963 130.31850278377533 259.88749146461487 393.626423060894 470.2458193063735
10260 289.99506663975114 77.36696648597717 155.34555101394653 288.2819948196411 423.4865550994873 504.88480534553554
10320 338.9753166070279 116.21675078868867 196.5588334798813 338.79062497615814 481.1838821172714 569.7420799016953
10380 386.4689788813361 138.07949693202974 239.85391110181808 393.81986606121063 545.7243358492851 629.8732251167297
10440 428.3766243769877 145.3165011882782 281.012275993824 437.13963186740875 592.6505294442177 683.2519271850585
10500 466.8917183488384 146.81304898262024 320.7167580127716 481.2137260437012 641.5315120220184 745.8747334003449
10560 511.63312437384076 175.21133770942689 369.023167014122 527.9008848667145 697.0544625520706 796.0469564914705
10620 553.2293228992064 163.60160272121433 393.8574065566063 583.2906665802002 767.6887463331223 865.2764755487442
10680 590.4626671529561 163.1200958967209 410.0335775613785 628.1463168859482 808.5038970708847 915.945271706581
10740 627.5362525804238 165.6436425447464 418.64365166425705 678.8682569265366 860.5898380279541 975.2329819202423
10800 661.1504104197548 173.46009445190433 424.7875599861145 720.8375091552734 921.3923830986023 1022.2846783161164
10860 701.3266630306539 198.09913825988772 461.3367340564728 763.7246220111847 964.2240169048309 1080.2189478874207
10920 716.4287610863566 191.05394780635834 433.4519774913788 791.6280660629272 998.2432739138603 1118.3755845785142
10980 718.904152453528 175.2561746120453 429.57117319107056 807.414333820343 995.9116990566254 1121.73819565773
11040 726.7016559400362 162.4014735221863 419.08310264348984 822.0714910030365 999.9136865139008 1200.5896177053453
11100 719.602599444897 143.23282599449158 382.332093000412 761.2457118034363 1040.0934219360352 1255.1417673587798
11160 743.7746887669844 145.9726443529129 374.96762877702713 756.7429308891296 1115.5279696583748 1331.5538237810133
11220 764.7914285921015 136.92239110469816 382.90799909830093 780.3118419647217 1150.6811227798462 1369.8434256315234
11280 733.901704588164 113.37806248664856 330.3924657702446 725.4845255613327 1147.2401465773582 1363.6555916070938
11340 668.2399943721446 79.15564670562746 276.33444702625275 673.969419002533 1036.7733652591705 1272.4514374732971
11400 581.8785778526327 66.60410990715027 193.8165168762207 550.9813239574432 946.1181720495224 1163.8710205554964
11460 512.5605979250412 59.3793007850647 166.40018916130066 461.5366189479828 838.2868731021881 1057.685290336609
11520 447.89756316549426 58.254414987564104 158.09573143720627 370.71830451488495 722.3169386386871 959.1592970371246
11580 404.0307928028819 61.84323220252991 156.12823796272278 318.5253779888153 651.7652829885483 851.2795986652376
11640 358.23644652598074 59.576387643814094 154.37741899490356 315.04634618759155 535.7067530155182 747.1342593193057
11700 331.2985391410205 59.243237423896794 149.63958871364594 313.70564103126526 476.4120671749115 653.8917577743531
11760 307.0798070040049 69.74758410453796 156.6854121685028 302.0083911418915 443.1544176340103 556.9972445011139
11820 297.29221164999194 60.69785161018372 153.37162685394287 297.22528409957886 445.67981004714966 531.9584784030914
11880 327.4453935573333 90.39816131591797 176.83865213394165 332.04881596565247 472.4288671016693 566.1345945358277
11940 378.8808193697067 131.17607364654543 226.7817509174347 387.08983290195465 530.1657866239548 627.0541718244552
12000 411.4409600561373 139.53132324218754 252.82951402664185 416.71987295150757 580.1573181152344 680.9497691631317
12060 450.6165438972872 141.652365732193 289.5337430238724 461.01729679107666 628.2576744556427 736.385854625702
12120 505.8601914912283 156.62224683761596 337.82651007175446 526.8020761013031 702.7219035625458 800.201235485077
12180 543.1879438197561 172.12096965312958 374.73074519634247 567.0163834095001 744.8879782557487 855.5075325489045
12240 591.3065541620449 190.69843475818635 427.9646918773651 618.5965213775635 808.0562326908112 914.9865483760834
12300 620.1527515656782 167.85018706321716 447.5644950866699 658.1668031215668 851.8742060661316 968.7355620861053
12360 669.6909830986167 186.64910001754768 481.8422008752823 717.2581223249435 905.3730803728104 1030.6888901710508
12420 699.979437818805 194.0856987476349 461.374198615551 757.446727514267 962.6582896113396 1085.4514616250992
12480 737.7770464458388 199.27333788871766 490.1124436855316 804.7345020771027 1019.3968900442123 1134.7697831153869
12540 774.3702982033569 205.94383802413944 516.9209189414978 838.9302999973297 1064.7691090106964 1203.6741422653197
12600 805.3214000156618 206.90337536334994 519.6733854413033 884.8166310787201 1113.5086725354195 1252.4600870370864
12660 838.9522125932194 215.01204142570495 554.3997340798378 934.2265160083771 1145.7198777794838 1276.4635076522827
12720 820.2852980863704 189.4243048429489 480.5275481939316 928.9991779327393 1148.2393221855164 1299.0804960966111
12780 808.1075514137789 188.43102407455444 450.2354208827019 896.8185234069824 1125.2979156374931 1357.2685514688492
12840 815.4786352902427 172.08137993812562 395.4603110551834 858.6954479217529 1197.798590540886 1444.3740032196047
12900 831.0925240362176 156.68526411056519 404.50533854961395 832.8456699848175 1246.3087043762207 1483.6925630569458
12960 864.5288951840106 164.78511548042297 418.2560410499573 866.1456410884857 1306.0845091342926 1550.0311798095704
13020 881.6341896394641 154.80378165245057 416.3966279029846 860.7457830905914 1345.8813779354095 1602.4170921325685
13080 853.8810628702638 130.78632221221923 372.92799162864685 864.5666851997375 1324.9375910758972 1579.6949603557587
13140 774.311305140064 89.867830991745 312.4020595550537 749.3257210254669 1226.809452533722 1485.9034049510956
13200 701.6074088914295 86.05269503593445 253.29969596862793 680.3953731060028 1117.3515720367432 1397.5125599861146
13260 604.7895384422247 69.06993536949159 176.69873243570328 555.0901709794998 987.4679537415504 1260.1211837530138
13320 548.9378251602608 79.61322205066683 187.3205542564392 468.341894030571 881.3084583878517 1176.4742879629136
13380 507.20323234357005 71.99543132781983 188.54064393043518 423.09578800201416 831.1767140626907 1061.6353154182434
13440 454.573395605449 78.1858720779419 183.28785848617554 367.31195521354675 713.2709904909134 968.4880111694335
13500 414.710841441812 66.96525733470916 170.907776594162 355.4487955570221 632.8865584135056 872.1274353981016
13560 385.1057455638432 75.47562313079834 185.16403698921204 354.04289746284485 559.366495013237 770.900656914711
13620 361.3385536899012 68.09970984458923 176.33089542388916 347.7727301120758 529.0971980690956 686.1625950336456
13680 344.5749026462436 66.80410254001617 177.19613468647003 347.0915495157242 508.6936550140381 619.0955640077591
13740 350.8060396855945 81.05687346458438 180.5018334388733 347.89957451820374 521.1132981777191 621.2516479730606
13800 394.2869668171598 121.97191047668457 215.69377410411835 390.8146550655365 571.3451910018921 670.7668722629547
13860 440.0368974694903 153.7461151123047 266.1255820989609 437.3621621131897 616.2391119003296 735.6267505645752
13920 483.6879130877868 174.39546332359313 300.15504598617554 491.45857405662537 672.1625499725342 785.5714108943939
13980 521.6738049943701 182.96229600906372 339.25015699863434 528.3374078273773 726.509157538414 848.3276288509369
14040 563.5812795818345 149.8016173839569 372.8209369778633 581.3914043903351 789.7565498352051 912.0454295396804
14100 607.2801704106109 195.8910527229309 414.55946707725525 626.7809510231018 841.548593044281 960.1704483032227
14160 650.7081862209503 227.95536220073703 469.6812607049942 674.3908599615097 884.9788389801979 1019.9381520748138
14220 686.9538498346864 182.83796176910403 499.478879570961 731.3384420871735 954.5714304447174 1076.7900716304778
14280 724.0255049233 197.9772366285324 508.43755328655243 772.1221921443939 995.4507809877396 1129.2715489149093
14340 772.1622055488983 202.99269218444826 518.2890212535858 838.7140874862671 1070.1445617079735 1191.0604533672333
14400 804.4594875119406 222.5491856813431 558.0182009935379 856.4765634536743 1099.6509945988655 1244.85136885643
14460 827.1967511588034 220.6774864435196 524.1707589626312 890.5444284677505 1145.060869216919 1305.2525061130523
14520 886.7080166952311 249.70296220779417 578.3384449481964 954.2488441467285 1219.5662038326263 1376.00219912529
14580 918.7216210364429 237.51894307136536 614.9575694799423 1006.6307699680328 1264.0649849176407 1417.3108229637146
14640 942.181217533545 230.53406610488892 592.5629867911339 1044.369581580162 1320.903146147728 1482.595455121994
14700 964.5400910315509 220.6495087146759 577.0164220333099 1075.1568849086761 1363.4063398838043 1513.8271000862123
14760 968.6072462825144 218.20420708656312 559.6066974401474 1100.8195579051971 1347.3049470186234 1515.227452993393
14820 954.3782576085074 220.6139748096466 526.4324839115143 1093.6784641742706 1353.6277301311493 1559.5914186477662
14880 955.9973433925267 185.92038094997406 509.9564850330353 1059.6935110092163 1342.6084822416306 1616.3733735084534
14940 980.781527756699 194.46360716819763 509.49279022216797 1005.8864300251007 1456.437427997589 1725.7513799190522
15000 996.4116537888228 190.62287852764132 495.06705218553543 1024.589280962944 1495.5807936191559 1770.0121175289155
15060 1012.0944950693404 186.30800688266754 490.33467358350754 1038.0506989955902 1542.9534510970116 1813.903848528862
15120 1047.1121978117753 200.1800748825073 505.9923851490021 1057.8310160636902 1575.7153561115265 1854.383420801163
15180 1003.1641387080666 164.97799801826477 460.2571073770523 1001.4788783788681 1549.1961163282394 1847.8652834892273
15240 920.6344427767982 91.09549617767334 383.4867289662361 921.8523969650269 1438.4596239328384 1743.7417197227478
15300 851.952641735844 92.87088665962222 326.84901189804077 827.2933368682861 1352.8246049880981 1681.1628624916077
15360 770.2758561923317 83.17922832965853 235.88562804460526 727.3657314777374 1256.8728979825974 1549.0185268640516
15420 700.858506061775 83.5702404499054 216.92247867584229 659.1975535154343 1128.9513058662415 1432.954529762268
15480 644.8141528074601 92.7186155796051 232.95279097557068 555.9729008674622 1052.6159720420837 1323.1788880825047
15540 572.5819006460993 80.26901602745056 215.01063859462738 470.23030614852905 908.1868274211884 1216.7660880088806
15600 519.2301300747614 90.74699592590332 205.25898790359497 421.20436787605286 825.5866870880127 1087.230771970749
15660 481.10417217143925 87.53548254966738 205.38445103168488 400.4052789211273 734.0215405225754 1009.7169822216035
15720 449.2166256258181 76.59051957130434 197.4423109292984 408.5365948677063 664.4077184200287 915.8757643699646
15780 408.36822469672586 79.55770761966706 190.9001128077507 386.0618265867233 580.4278412461281 798.2920497417451
15840 400.704302418406 76.83736128807068 205.75067806243896 392.56278252601624 586.4039297103882 707.0702392578125
15900 385.4157673859232 80.3770862579346 201.22057795524597 384.52561593055725 572.353639125824 693.3142654895782
15960 420.2493408410498 97.72105135917664 218.49527901411057 426.21418595314026 614.4771310687065 735.505345082283
16020 458.3336474866752 137.7257974624634 266.0549864768982 459.11165499687195 650.3979250192642 780.2327764034271
16080 503.16496717993385 172.3018045425415 295.58724308013916 511.82187390327454 712.4921280145645 834.3817290067673
16140 558.391020201842 215.98497414588928 345.45111978054047 569.6070690155029 779.2815893888474 904.4365656137467
16200 599.1780337291788 224.59083418846137 380.99842631816864 609.1382845640182 833.2747913599014 965.2997694015503
16260 635.7105302521022 222.5443229675293 429.91928362846375 645.2501219511032 884.3545050621033 1016.8818790912628
16320 678.7948749380571 237.98685059547427 470.8308620452881 686.3971221446991 935.8253328800201 1081.55369720459
16380 734.3674241367769 246.39458746910097 519.8538112044334 765.366238117218 999.0088288784027 1143.1207730054855
16440 771.456603362626 238.75457310676575 562.282751917839 808.3988652229309 1057.444027543068 1194.0511140346528
16500 792.425896865194 215.03768167495727 568.5456318855286 843.0134768486023 1090.7338019609451 1238.143247795105
16560 838.4680195924717 246.29474833011633 610.1476122140884 889.9035533666611 1149.0758391618729 1309.8437964200973
16620 874.7002159015827 245.54836018085481 623.1810907125473 936.4290218353271 1194.7485826611519 1360.3436450004579
16680 930.3031266377479 244.25834584236145 663.8939108848572 998.4953639507294 1269.082482099533 1421.3615078926086
16740 943.0812559555569 245.86481988430023 612.8614667057991 1007.215129494667 1308.788953781128 1478.1070264577866
16800 1001.6986515561525 263.7307127475739 687.183454990387 1075.0381610393524 1370.040284872055 1546.74820933342
16860 1039.927927879675 286.5151990413666 699.0804300308228 1135.9658639431 1432.4934329986572 1588.5050833225253
16920 1054.845452708793 288.65439236164093 672.9755656719208 1150.7098450660706 1461.502464056015 1645.1947823762894
16980 1102.797019462178 283.79320907592773 696.2581255435944 1212.4608969688416 1534.4300199747086 1714.0798318386078
17040 1147.0310281973104 331.79781103134155 775.4587199687958 1264.9825479984283 1564.4349374771118 1742.7567751407623
17100 1114.4958361091997 244.055345773697 666.5365279912949 1267.3738980293274 1561.7204134464264 1732.4162313938143
17160 1116.0139614537068 279.7940073490143 647.9855085611343 1259.9957220554352 1562.1489819288254 1752.4300636768342
17220 1123.289167943682 242.12249813079833 634.613095998764 1269.6523690223694 1563.0525860786438 1852.7892430305485
17280 1114.4068152030575 217.88544268608095 574.5990908145905 1225.0659091472626 1565.0242483615875 1888.164680480957
17340 1119.8215211366035 198.27087180614473 566.6334720849991 1170.7123869657516 1663.398411333561 1968.4622284412385
17400 1130.0913729342055 173.8360891342163 523.5879201292992 1155.3094795942307 1712.449695110321 2031.6592880964279
17460 1171.9254123574644 217.35894906520844 585.5259549617767 1174.7954145669937 1788.6567264199257 2112.9334474802017
17520 1189.2454242987128 215.06383686065675 590.4492451548576 1173.1234644651413 1802.6249684095383 2141.692125105858
17580 1140.4139485959543 172.37691011428836 509.8589780330658 1132.7798249721527 1785.4004769325256 2118.8552587509157
17640 1065.4369275230276 149.25645196437836 463.0683298110962 1046.2753944396973 1686.7065016627312 2014.923730969429
17700 996.356074482868 104.32452120780947 385.1515659093857 1001.663045167923 1574.0004113912582 1903.784510803223
17760 885.4066539544896 91.83843936920168 269.610995054245 825.3695819377899 1432.6705148220062 1798.3773950099946
17820 824.755100868403 89.06716899871826 233.47329419851303 751.8958303928375 1351.6052376627922 1711.4039138555527
17880 758.247084389393 91.35692949295044 230.7738630771637 667.982824087143 1226.0737519264221 1608.9144628524787
17940 685.1641501117635 93.036154961586 230.62256467342377 593.1205135583878 1094.948816716671 1461.28555893898
18000 655.0584661615068 93.1056215047837 255.43252557516098 546.044679403305 1045.2923139929771 1381.0309202671053
18060 608.848255885594 98.50111031532288 234.9609935283661 496.0752099752426 987.3556427359581 1299.4124554872515
18120 561.5608631664904 85.63076910972596 231.62850779294968 484.8897294998169 881.2454344630241 1171.4671152830126
18180 508.5842716768215 83.93515396118164 230.73895674943924 454.7360405921936 746.6654341816902 1050.921847653389
18240 495.7008336817468 82.635959815979 213.9650622010231 470.0044220685959 733.884868323803 986.2081263065338
18300 460.56867697262123 85.76750559806825 216.89973747730255 445.67261350154877 676.3945710062981 875.4624857902527
18360 448.64095097328055 88.52165534496308 226.0100290775299 447.1559170484543 665.4139369130135 795.9080838203432
18420 440.9957614149408 88.32849473953249 227.24464297294617 439.6401388645172 657.4773139953613 783.4649682044983
18480 489.9346846729454 128.1453251838684 267.3222179412842 494.00933289527893 720.6158670186996 845.1794631481171
18540 517.1813419473563 153.66628050804138 291.9107024073601 513.2129640579224 752.0765066742897 884.1002850532532
18600 573.0646587976295 218.88523321151735 358.81199699640274 572.1688559055328 804.0176290869713 948.7985338926316
18660 606.7551101173807 200.12455086708067 356.51582127809525 614.909789443016 863.2041231393814 1018.1903789281846
18720 658.3769504624512 233.67514238357546 412.8041994571686 667.5596611499786 921.6391559839249 1068.8186089992523
18780 689.4043202652194 225.1004399776459 446.8849289417267 701.23948097229 966.5460695028305 1122.6452337265016
18840 731.7760315925035 220.90261502265932 484.55160450935364 748.5542809963226 1015.2763459682465 1181.021398305893
18900 777.401647336179 237.29720211029053 529.2630304098129 800.382884979248 1073.2582584619522 1240.6472618579865
18960 819.44133818041 242.5707458496094 567.2640401124954 858.09774518013 1132.2502609491348 1294.5963798046114
19020 861.8566650074127 257.8643314361572 611.165050983429 899.7582130432129 1192.5382750630379 1349.4841464042663
19080 898.3518643875068 252.32476902008057 634.6812927126884 951.419597029686 1246.7882554531097 1406.5838519334793
19140 948.7524846985854 272.44205660820006 685.5422125458717 1014.7035329341888 1291.6853626966476 1475.7672379255296
19200 983.0748056965682 295.3703018665314 682.7085214853287 1023.2485837936401 1353.786719918251 1525.6354864120483
19260 1018.6901588361558 286.020831489563 699.6717841625214 1081.8570220470428 1393.9103698730469 1580.6895941734315
19320 1056.3760205656852 268.8217383861542 695.4740641117096 1139.56996011734 1459.6359617710114 1633.494493675232
19380 1105.4627437874935 335.0326116800308 776.0258758068085 1182.3055614233017 1496.0383643507957 1685.9698161363601
19440 1119.8194665229175 290.56061375141144 734.820138335228 1205.2957099676132 1536.317775964737 1740.4600686311721
19500 1174.682509024712 312.7154259920122 773.3880914449692 1272.2765998840332 1617.9601911306381 1815.7390201807023
19560 1204.8881858433645 327.1100960016251 794.3726628422737 1307.094178557396 1656.848222374916 1881.0161925077439
19620 1232.2074354778636 305.4050998687744 791.1675589084625 1357.7424428462982 1698.6642220020294 1922.8702099323273
19680 1265.2502026363202 315.81931149959564 808.3455352783203 1406.5886919498444 1746.0920515060425 1957.9612694978714
19740 1239.286408242471 346.5954713821411 754.0996967554092 1379.896856546402 1727.2431779503822 1933.740618467331
19800 1249.769571400859 320.6034109592438 734.6900847554207 1401.9607269763947 1739.000995874405 1975.8066729307175
19860 1246.6270243917786 253.93501811027528 720.8794629573822 1418.7696669101715 1729.7833490371704 2020.4407260417938
19920 1256.723049398073 263.95585889816283 707.0474150180817 1385.912218093872 1733.717561006546 2096.6992676258087
19980 1262.6575081444764 269.8919441461564 652.9276671409607 1348.0342299938202 1818.2796837091446 2182.8082914829256
20040 1249.0820742675946 244.95952935218813 640.1567701101303 1270.3915040493011 1843.2719390392303 2220.3009598255157
20100 1277.916435212907 232.79484529495247 628.8246324062347 1293.1784591674805 1927.2663533687592 2288.0909778118134
20160 1336.4027387852266 256.28902170658114 685.9863492846489 1365.8069859743118 1989.8537819981575 2355.7366943597794
20220 1327.5099760877997 247.25949087142948 650.9655809402466 1336.3889470100403 2013.064059972763 2411.863919353485
20280 1313.8518742030367 241.21746113300324 626.9861861467361 1297.8575904369354 2003.3114656805992 2395.0845106363295
20340 1223.3042408270621 165.43184852600098 517.206899523735 1214.2114610671997 1911.4163719415665 2277.5023022174837
20400 1125.606914602111 116.13434619903566 400.40085995197296 1099.3372251987457 1819.4092471599579 2200.6875586986544
20460 1062.6820824872143 117.46237206459045 384.05101776123047 1028.7909215688705 1689.3891797661781 2088.405291175842
20520 962.557541521922 105.83667333126068 277.01783722639084 884.2659224271774 1557.455648779869 1985.142000889778
20580 884.6396656423158 108.38343465328217 262.88866096735 767.9494161605835 1436.364214003086 1866.7992812871933
20640 833.3245378895407 113.96603183746339 271.0850385427475 708.683436870575 1366.5861835479736 1752.2688115119936
20700 779.5225877066127 103.78999137878418 266.8341488838196 665.8727970123291 1252.0144510269165 1637.8210035800935
20760 732.0712859313522 103.36670756340027 269.20627427101135 588.605369925499 1188.4587034583092 1555.7162895917893
20820 676.560235332162 106.26617503166199 268.0548530817032 537.3139705657959 1075.8887877464294 1455.3589525222778
20880 619.7145880247335 86.08709325790406 246.00197219848633 530.4650981426239 973.0789210796356 1297.3993991851808
20940 576.6074767730736 106.54404940605166 253.7524938583374 513.3713800907135 851.6064929962158 1210.4208907127381
21000 548.6312926023505 88.09638011455536 251.3860314488411 510.45287787914276 793.3823617100716 1097.202931046486
21060 523.2333290668347 87.16596426963807 243.18494182825089 505.6138445138931 767.5779492259026 1002.7061017751693
21120 498.06588144595304 85.78554131984711 245.29818391799927 483.15846014022827 749.4103572964668 915.6705982446671
21180 477.66378778984506 92.62527551651002 230.13221955299377 475.96620416641235 724.8131510019302 864.4078090667724
21240 489.8341427260628 90.56816275119782 240.59067076444626 484.3892025947571 738.331142783165 880.5650501966477
21300 543.6931897749614 151.3233679294586 291.76489198207855 539.4378252029419 795.1612420082092 944.5807621479034
21360 595.0078387276385 186.27170646190643 342.18032521009445 594.20933842659 858.7264409065247 1005.0222569704056
21420 659.6548547679831 216.76101694107058 394.7089419364929 680.8048892021179 931.0769760608673 1073.247859954834
21480 686.9018481451448 259.4017019033432 429.2469399571419 701.3808760643005 959.7663741111755 1125.0120311021803
21540 741.7217344706853 304.0684918642044 468.7402158975601 759.0209259986877 1041.477056980133 1189.9539020061493
21600 744.2976239665425 261.4002990722656 483.643599152565 754.3602740764618 1041.6931570768356 1201.8329830169678
