0 6.48957470936995 1.0733699798583984 2.1427559852600098 5.249945163726807 10.310544967651367 14.468928813934326
60 32.2375514742272 7.686598062515259 17.09991192817688 29.862618923187256 46.30995988845825 60.674351930618286
120 47.197594730259944 4.63341212272644 13.481828927993774 47.14852499961853 79.16823983192444 92.49907493591309
180 18.954412944225105 3.058238983154297 7.010047912597656 16.818054914474487 28.881444931030273 38.44215703010559
240 19.359917054811486 3.2169089317321777 7.153627872467041 16.159208059310913 29.962833166122437 40.49672603607178
300 18.955875806292518 3.3899638652801514 7.604728579521179 15.201158046722412 28.507769465446472 40.33073592185974
360 19.06323479914897 3.2903618812561035 7.759943008422852 15.214947938919067 28.563261032104492 40.660829067230225
420 18.63318865739966 3.2466070652008057 7.838546991348267 15.600703954696655 27.397346019744873 38.93661093711853
480 18.86406897086895 3.4165170192718506 8.109878063201904 16.45436716079712 26.763783931732178 39.062679052352905
540 19.090713516375875 3.558021068572998 7.821255207061768 16.89753484725952 27.109445095062256 38.76590983867648
600 19.097813938548455 3.380056142807007 8.182981014251709 17.308953046798706 27.26699686050415 38.533955097198486
660 19.058680757807476 3.4936490058898926 8.155773997306824 16.986375093460083 27.376105070114136 38.17815737724307
720 20.44077776802038 3.7915449142456055 9.118452072143555 18.987545013427734 30.391775131225586 38.512760162353516
780 20.436981198224277 3.5933828353881836 8.714641094207764 18.830842971801758 30.619946002960205 38.71546487808228
840 21.263944990258818 4.315352916717529 9.856736898422241 19.71411108970642 31.963459014892578 40.199822187423706
900 34.90712048732234 7.553189039230347 18.073806047439575 34.01301121711731 49.17451250553131 63.056459712982196
960 44.692622214076536 5.354554891586304 13.363704919815063 38.516685009002686 72.93398308753967 94.8756572008133
1020 39.98075246305624 11.382608890533447 23.490480184555054 38.91250205039978 56.362180948257446 69.55742001533508
1080 67.72215361513209 14.91992998123169 37.15572810173035 73.46695303916931 95.68141889572144 111.16495089530945
1140 80.45452698568472 13.272607517242436 36.20070505142212 79.87710881233215 122.17858099937439 148.94164896011353
1200 55.8190173151133 9.326183795928955 23.665315866470337 50.11280417442322 83.02326971292496 111.85896370410921
1260 66.71676782919864 18.164938163757324 38.144581615924835 66.34713852405548 93.84881687164307 115.63249492645264
1320 103.2393275764665 25.28849709033966 62.54565501213074 107.88983011245728 144.64316201210022 170.34733295440674
1380 132.19281445325947 29.676034903526304 74.2118421792984 142.63916087150574 188.93939995765686 215.92187383174902
1440 150.08265701888527 29.64236283302308 74.10285592079163 149.935133934021 222.58585500717163 270.6065613746643
1500 171.72933075353737 31.278747081756592 83.05168795585632 169.76725900173187 259.36456298828125 314.7361479997635
1560 159.32443184078377 24.296755075454712 66.47707903385162 156.24236702919006 246.56035208702087 303.08087973594667
1620 141.95703076969988 25.072278022766113 61.78497815132141 129.36252689361572 221.2437229156494 278.3047949075699
1680 128.72279415521868 22.420069456100464 59.6538662314415 121.76246404647827 191.6059489250183 248.53795964717864
1740 122.78363026342748 23.696288108825684 57.58590483665466 120.2423038482666 184.63230299949646 226.3923900127411
1800 154.03461476940416 40.43593907356262 84.51793193817139 151.21589696407318 224.34948951005936 269.81504702568054
1860 189.51313349168538 44.69635815620423 111.95156288146973 189.23019790649414 274.9477639198303 323.92564845085144
1920 223.47458385110562 51.118152499198914 126.98398089408875 227.94229698181152 322.7034649848938 380.84076952934265
1980 257.7386073465989 59.06239192485811 143.81572794914246 269.53258407115936 372.0966989994049 437.0369151830673
2040 285.5264724275371 65.72314286231995 156.8919060230255 303.1064510345459 412.0489881038666 482.0672218799591
2100 300.53479721681697 58.96258635520937 159.86954283714294 313.3839234113693 431.9819760322571 528.0518298864365
2160 319.3036194459227 59.70611596107483 152.9008824825287 320.0372431278229 472.8476849794388 585.6613018512726
2220 339.7655231034287 64.06664085388184 163.23746395111084 336.2780828475952 508.8764867782593 629.3865983486176
2280 325.7578982995534 50.32865595817566 149.1019778251648 323.4118239879608 499.10465812683105 605.9254429340363
2340 307.5709489227732 51.083086013793945 127.98652982711792 297.2299370765686 477.10320496559143 584.0076605319977
2400 295.3862216694064 50.521464681625375 127.16350984573364 279.95013904571533 463.72754406929016 566.1393899917603
2460 284.0927575125423 51.26847577095032 126.58629417419434 261.6209671497345 437.0690950155258 550.1375502109528
2520 277.13708359021393 52.13828907012941 129.45783114433289 259.4601421356201 423.81744253635406 531.4961517810822
2580 274.2879215975799 54.62256217002869 133.43298196792603 264.6009330749512 407.11368852853775 517.2506824731827
2640 272.15677017120146 53.8634078502655 135.48199605941772 266.4058680534363 401.9819688796997 504.0250161647798
2700 273.2963638437736 54.76793694496155 136.66551780700684 273.15613293647766 406.61834943294525 491.31658940315253
2760 275.7476352519667 52.865208864212036 134.04757404327393 275.7699029445648 414.2691674232483 498.89762902259827
2820 307.98676760685555 73.80964994430542 158.2780515551567 310.1770213842392 454.5652006268501 543.8525092840196
2880 347.9808566176792 97.50333905220032 192.15342730283737 349.7573239803314 504.3498430252075 599.7009830474854
2940 385.03310698295485 106.5636815071106 223.3747729063034 390.3814928531647 553.3040750026703 656.6365430355072
3000 421.6768228393648 104.6077105998993 252.67706501483917 429.2675280570984 607.5851240158081 712.298798084259
3060 460.00929169035254 116.43936293125151 285.618399143219 470.05296993255615 654.7118520736694 771.1605761051178
3120 494.0464723269328 122.78237891197205 298.82914686203003 509.9951159954071 707.4647860527039 824.0911819934845
3180 531.6363415147068 129.05318117141724 316.59427309036255 553.3100678920746 762.9402379989624 882.3108997821809
3240 561.9672647679776 130.73578138351442 328.6070520877838 589.862685918808 803.3679158687592 933.153069972992
3300 594.447388647879 139.3803174495697 347.31470066308975 626.2973309755325 853.0522389411926 982.4708340167999
3360 604.5834201812786 137.51700806617737 339.4359300136566 643.4394311904907 867.5828199386597 1005.5138669013977
3420 622.0231238923018 132.7176170349121 338.234078168869 668.6275420188904 887.7819421291351 1065.8663125038147
3480 638.2041427339611 127.8769280910492 329.509968996048 672.2190799713135 919.5314371585846 1127.0111980438232
3540 661.0984305814796 128.11822595596314 326.4922320842743 674.1801488399506 981.2337521314621 1188.2125250339511
3600 679.1617647495716 131.8690634727478 330.11094826459885 674.961133480072 1020.9871600270271 1238.689173579216
3660 708.5141081905275 132.78149642944337 341.7295231819153 708.9247381687164 1069.7895185947418 1287.0448857784274
3720 679.0599663767339 108.82085862159731 307.90747904777527 678.2682449817657 1038.6323075294495 1263.8269435882569
3780 653.7565403210257 93.552312374115 282.0146861076355 638.4588449001312 1014.3866131305695 1237.9087110996247
3840 640.6692716351678 97.29255104064941 270.6123540401459 626.912782907486 997.7025628089905 1204.0084590911865
3900 620.5887524865358 101.92452630996705 251.43719005584717 596.7954421043396 970.7285245656967 1190.4609990119934
3960 606.781250796409 98.93705606460571 249.3920613527298 574.7760829925537 958.0135038495064 1179.0351099967957
4020 586.8603145749173 94.41526198387146 247.5155726671219 547.591649055481 917.3318769931793 1149.360855460167
4080 578.2226787495157 97.8716049194336 257.05466890335083 530.0740358829498 900.5489130020142 1128.6292289733888
4140 563.3903887722711 98.496865773201 255.96277141571045 507.48236298561096 869.6924434900284 1104.851405477524
4200 555.0516899446575 98.50574350357056 254.58908700942993 508.11588191986084 844.0297849178314 1076.626079082489
4260 546.8090347268901 95.86603784561157 252.93066215515137 511.0625879764557 825.6938009262085 1057.35182595253
4320 533.182043614034 97.46946907043457 253.3981490135193 502.03446793556213 801.9028990268707 1031.5015248775483
4380 534.4232330899088 99.02224097251892 250.6034175157547 518.3219540119171 793.8687410354614 1010.7571241378785
4440 530.1219468494053 105.05306978225708 261.29922902584076 519.6104259490967 775.1819068789482 986.5743548870087
4500 524.2853713409751 106.8138611316681 253.09533596038818 513.7689615488052 776.0078330039978 973.3056631803513
4560 524.8783534402389 103.36350765228275 260.3045120239258 518.4709548950195 784.189868927002 958.3967039585114
4620 526.080091371709 102.29849252700807 259.88460832834244 523.5921014547348 792.640897154808 947.9139489889145
4680 528.0847204883221 106.69218397140503 261.6887421607971 527.9848511219025 790.9227731227875 950.9666919708252
4740 546.0025458487494 118.00560946464539 277.57889103889465 545.356880903244 813.7416639328003 974.477963924408
4800 584.2414928577391 138.28648209571838 303.240021944046 581.881301522255 862.4235671758652 1033.7097899913788
4860 626.0528440911951 166.3876204967499 337.00874400138855 631.9078409671783 915.4687700271606 1093.4213000297548
4920 661.0542354527129 187.4356228590012 371.22400987148285 659.7246240377426 958.6223067045212 1141.6424911022186
4980 698.7018022421131 192.56464004516602 397.5845239162445 710.5081250667572 1008.3435661792755 1200.6179414987564
5040 734.0103502083125 190.81750507354735 427.64735102653503 739.5551530122757 1061.5386950969696 1257.0929846048357
5100 781.5769513572776 208.1875716924668 466.8389103412628 801.701455950737 1121.6394629478455 1318.3174876213072
5160 813.4920127901679 216.44849691390996 497.1047739982605 832.8711049556732 1157.8206479549408 1364.2569868564606
5220 851.1712387841919 225.07300209999084 528.4308829307556 875.8122625350952 1216.241609275341 1418.6643390655518
5280 891.7747172684234 231.899351644516 557.2234334349632 916.9989035129547 1270.9985818862915 1486.7371756792068
5340 915.5726958429841 230.64331097602846 565.0670680999756 939.1964890956879 1304.1185591220856 1532.374158716202
5400 953.6036053559121 239.37460241317748 580.9265817403793 989.6661570072174 1356.10810059309 1595.700001001358
5460 999.5687659234695 248.640749168396 609.793447971344 1044.8681588172913 1419.0924339294434 1651.6809758663178
5520 1038.6748238839364 251.87397003173828 641.0534759759903 1079.7989659309387 1476.5283114910126 1709.183991909027
5580 1067.7548994511415 252.27420186996463 633.2628173828125 1119.8336029052734 1522.5906970500946 1769.4629268646243
5640 1098.911126613734 266.7425386428833 664.3672089576721 1158.9803949594498 1558.8041110038757 1805.603394985199
5700 1116.7567889034294 256.926078081131 658.0192415714264 1187.6839880943298 1592.9976584911346 1842.1354479789734
5760 1125.1460597765788 258.8743313789368 644.6175479888916 1201.365149974823 1610.4303650856018 1859.1888081550603
5820 1151.1069474676124 251.66713991165162 652.0387566685677 1235.8441444635391 1637.922249019146 1910.28701479435
5880 1161.8836994200942 258.48645997047424 642.9365630149841 1245.6399230957031 1656.8796961307526 1957.7938759326935
5940 1169.2809806487958 235.46571612358093 624.9148190021515 1256.8129398822784 1669.0393509864807 2018.1402130126953
6000 1185.3483747702694 235.6005551338196 622.0496399402618 1276.2338750362396 1692.911954164505 2072.29040722847
6060 1213.3148927341756 232.4313429117203 609.606995165348 1277.5018841028214 1770.9057210683823 2145.118189620972
6120 1238.400363575612 247.19223613739013 629.5838370323181 1289.0560939311981 1813.9129209518433 2209.1010398864746
6180 1250.858301125978 244.581529378891 616.3054699897766 1277.9258830547333 1854.1574311256409 2258.1863663673403
6240 1282.598626330876 240.4575044631958 609.0318984985352 1301.0328390598297 1946.32242000103 2319.1045300006867
6300 1289.2212833345402 232.2235904932022 610.078818321228 1280.8840420246124 1962.406236231327 2360.395877957344
6360 1275.1116408962134 206.16230261325836 585.0777755975723 1281.1578220129013 1953.0402462482452 2347.1551871299744
6420 1226.1324613568045 161.83187866210938 529.2730979919434 1218.1749614477158 1889.919133245945 2308.626970458031
6480 1202.0042595988534 161.45962119102478 514.7356725931168 1180.7925510406494 1870.7864158153534 2283.894291162491
6540 1166.1328599097749 159.76784844398497 454.79479718208313 1127.1332230567932 1835.0024009943008 2265.146678161621
6600 1147.348117762821 148.22093830108642 444.7249558568001 1100.5283900499344 1812.1063876748085 2234.525190639496
6660 1116.4677279203106 158.09909582138062 420.4082531929016 1059.057561159134 1766.186439037323 2188.4327042579653
6720 1116.934568717377 169.58208894729614 411.20097398757935 1065.2623660564423 1767.4996111392975 2179.0813689231873
6780 1085.6534617018588 165.88924098014832 416.3285598754883 1006.9813559055328 1722.9619581699371 2148.027407646179
6840 1060.955319490265 173.2047209739685 408.58278942108154 980.9962060451508 1671.645063817501 2118.1198451519012
6900 1061.0891222694745 166.42736415863038 426.3206150531769 984.2445020675659 1686.3013558387756 2100.588998556137
6960 1022.641657117977 170.51289396286006 423.15521001815796 924.6944270133972 1605.691386938095 2049.300783777237
7020 1023.6529156424943 174.7985439300537 439.6853229999542 915.6600790023804 1593.4422080516815 2037.3947257995605
7080 1001.797877010866 167.21195006370544 432.8643970489502 876.8040239810944 1565.80384516716 2014.525923728943
7140 1000.6160478819164 174.36344203948974 442.7315921783447 889.6480939388275 1537.8718719482422 1992.236559677124
7200 987.3071195272151 159.1439529657364 439.27871966362 883.9335240125656 1520.2353411912918 1965.9108324050903
7260 974.7712195408906 171.5423736333847 442.9886663556099 872.4456669092178 1495.281705379486 1917.116986322403
7320 966.4259336026337 179.30029039382936 450.34737849235535 890.3148291110992 1457.9188249111176 1898.7528710365295
7380 950.1376756856235 184.6430640220642 438.57315695285797 877.389200925827 1431.5911203622818 1863.0742817878725
7440 957.4606790351105 183.69018411636353 447.64273911714554 912.1317269802094 1433.8947583436966 1844.8486044883728
7500 939.0303136069311 176.6753078222275 441.3611490726471 897.5615849494934 1386.499547302723 1815.195091032982
7560 938.9831869760606 184.39711983203892 460.8783258199692 901.2733640670776 1381.0542674064636 1782.5290019512177
7620 928.7308542124274 173.62460589408875 451.76020407676697 907.3864419460297 1356.3059902191162 1750.8596858978271
7680 930.4878029802979 182.36861896514893 459.46553587913513 921.0076107978821 1354.7787501811981 1729.5991659164429
7740 933.920465443653 190.24333629608154 466.46710681915283 917.5404040813446 1374.14670586586 1721.9532651424408
7800 926.094554170226 192.3793459892273 464.5827989578247 918.2243509292603 1364.8728630542755 1684.9107332706453
7860 933.0307797390726 194.23998086452485 477.40789699554443 922.087730884552 1380.2718351483345 1681.0872863531115
7920 932.4988572540584 176.55998234748841 472.4603900909424 931.3503859043121 1393.5326058864594 1666.575187778473
7980 941.1435199970106 184.07768635749818 473.6359940767288 953.846568107605 1410.0805183053017 1663.1050839424133
8040 930.849145488779 186.5100570678711 478.8434810638428 922.3789939880371 1397.082580089569 1664.7437769889832
8100 941.6580742338513 192.22819066047668 466.5727609992027 944.8575695753098 1421.9834102392197 1685.054405927658
8160 946.3229356810823 186.11838817596436 467.6796569824219 946.0780169963837 1413.971088886261 1703.3789548873901
8220 983.5495465081948 218.11644396781924 504.38788509368896 999.3659949302673 1452.70059299469 1739.6146018505096
8280 1018.1039862014595 222.3491962909699 525.9007730484009 1034.477469921112 1508.7273240089417 1794.971777677536
8340 1055.8221693558496 251.68249959945678 542.7803587913513 1070.4189660549164 1555.2640788555145 1860.6096992492678
8400 1095.457331323504 275.6192829608917 600.2023906707764 1096.8584458827972 1604.3184809684753 1909.2800788879395
8460 1139.6733122067994 299.27197184562687 625.1951538324356 1154.3004920482635 1661.4405357837677 1978.6769063949585
8520 1187.9546870829804 334.73817300796514 662.7708120346069 1202.7303609848022 1740.4984285831451 2029.5052917480468
8580 1205.3497817494826 333.5492819547653 664.0568250417709 1214.765048980713 1759.0693836808205 2079.8975455760956
8640 1263.2152293926824 350.74463856220245 724.8216841220856 1281.1877855062485 1829.3986527323723 2142.492669582367
8700 1299.7212892316365 364.97969105243686 765.232232093811 1320.028767466545 1866.0862317681313 2195.8020322561265
8760 1327.1828594410413 338.9719909667969 785.1510529518127 1354.6196022033691 1900.4414229393005 2247.5629583835607
8820 1366.3735939471517 369.7921402215958 812.8191866874695 1400.0232664346695 1961.7056539058685 2306.2676942586904
8880 1400.0238187768307 353.3565413951874 837.0749349594116 1431.748349905014 2009.9896779060364 2356.4214429855347
8940 1449.9631815792422 370.71098790168764 881.4452776908875 1491.833018064499 2069.69986897707 2427.644186973572
9000 1475.4223713232243 377.64612793922424 907.225396156311 1502.8254640102386 2116.71964097023 2479.4272689819336
9060 1517.7187907338503 392.9942705631256 942.9432280063629 1558.279037952423 2165.995668888092 2542.4959156513214
9120 1553.420135407797 375.90793306827544 968.6828429102898 1599.4728280305862 2226.349332988262 2587.816056895256
9180 1591.2926997201077 405.1069750308991 995.389447927475 1645.0093460083008 2264.7191574573517 2658.159571361542
9240 1612.370854745148 392.0444111347199 973.4720289707184 1670.7998158931732 2313.1270725131035 2702.5320789813995
9300 1648.479405168586 407.9306764125824 990.8181445598602 1707.5789468288422 2364.3409111499786 2759.83688583374
9360 1689.9618262655713 403.3941271305084 1058.7074733376503 1746.5656034946442 2406.9640468358994 2815.531274700165
9420 1718.074508552009 412.32889301776885 1037.5943852066994 1786.717435002327 2443.888841986656 2876.8373988628387
9480 1760.1777246259269 418.2224945545197 1051.5914305448532 1834.463711977005 2527.605463862419 2927.269020557404
9540 1804.0485983844737 461.94880199432373 1113.3151293992996 1871.999871969223 2564.0316670536995 2979.4739122867586
9600 1850.4301332326277 479.8592590332032 1145.8127200603485 1951.0144062042236 2613.7239780426025 3031.278136825562
9660 1883.4841708272695 463.84091832637796 1135.821141064167 1970.5812534093857 2681.3884826898575 3099.238855648041
9720 1912.737489097872 487.1422682285309 1157.1694219112396 2010.670322060585 2714.831880033016 3138.531336236
9780 1937.7143131791927 471.1482748508453 1114.8305900096893 2032.039507985115 2790.329706430435 3210.197056603432
9840 1986.5468823125427 485.55282912254336 1193.2381780147552 2089.8546669483185 2832.637855052948 3270.5854760646826
9900 2037.0660479363896 500.5391178607941 1205.019381403923 2140.6964819431305 2894.931296944618 3336.525741052628
9960 2009.0879006097348 470.3658829689026 1147.7808768749237 2112.14453792572 2880.08997297287 3347.6459824085237
10020 2062.6791849872443 489.64802081584935 1219.7171428203583 2184.632366538048 2940.3488307595253 3385.3132837057115
10080 2072.390942053665 483.44351534843446 1205.2403783798218 2216.8224427700043 2951.4902404546738 3406.8384441375733
10140 2095.4790744645998 500.2313178062439 1199.3266159296036 2247.836951494217 2985.780424952507 3416.011299300194
10200 2101.110969134901 467.8165078163147 1174.6602180600166 2262.0882754325867 3011.734533548355 3473.864779591561
10260 2116.9334829452905 473.97341113090516 1199.8794884681702 2265.6646687984467 3022.1929149627686 3530.084955024719
10320 2129.8282684694836 464.656240940094 1198.459910929203 2289.6161394119263 3052.8063015937805 3597.105072593689
10380 2151.4106530579525 452.2148750782013 1204.3996065855026 2309.035127878189 3081.063735961914 3652.8501698732375
10440 2168.1832963242764 464.1971302509308 1220.3029545545578 2315.77307844162 3083.9495419859886 3702.880501270294
10500 2193.783737176675 491.30236864089966 1222.029622912407 2355.48206114769 3122.6150718927383 3729.682911252976
10560 2212.580051119659 465.7838356256485 1191.954272031784 2367.60883641243 3164.887270152569 3831.8972934246067
10620 2240.4381346368345 468.7093073368072 1196.876238822937 2403.9746000766754 3203.6769840717316 3880.9026910781863
10680 2245.581047862054 466.745048904419 1192.6673209667206 2372.001204967499 3211.96852684021 3932.792558717728
10740 2270.306028078325 485.04425501823425 1206.2967312932014 2388.7939504384995 3257.5394747257233 3976.8792227745057
10800 2301.59670518769 493.10054287910464 1201.8218035697937 2399.2948199510574 3341.928783118725 4062.718325901031
10860 2320.3840679454847 473.9479410648346 1206.7629140615463 2423.7149440050125 3403.1742122769356 4121.801606202126
10920 2344.7483641596573 472.51632053852086 1169.8981305360794 2423.6381900310516 3481.713855743408 4177.485804080963
10980 2372.1717031271555 465.763720035553 1199.226284980774 2384.5473549365997 3536.0295779705048 4248.920550823212
11040 2391.523791944037 488.446936798096 1197.34894156456 2383.9361431598663 3593.653859972954 4294.923425245285
11100 2419.627109325534 472.6719789505005 1208.4283645153046 2420.5713859796524 3638.6518188118935 4351.475453495979
11160 2466.368435741353 485.526535987854 1207.019974887371 2495.4770634174347 3727.016195297241 4396.139669418335
11220 2471.440905885983 478.3925679206848 1209.9662280082703 2513.223577976227 3701.014741897583 4448.668109369279
11280 2456.5052705275116 475.16985893249523 1196.8033249378204 2475.184734106064 3691.3627605438232 4431.936112308503
11340 2450.4476462778407 426.1200610399246 1195.2791442275047 2477.85377907753 3682.7715520858765 4429.9756363630295
11400 2372.7950965882546 395.00424556732185 1110.6991670131683 2372.3994569778442 3598.123831987381 4383.532767724991
11460 2309.5106188338477 353.7976779937745 1047.647641301155 2286.328075528145 3552.5203358531 4332.324860739708
11520 2327.983012730651 343.64302802085876 1068.019040465355 2312.8869681358337 3553.947723865509 4341.8846390247345
11580 2337.752463411847 323.30566952228554 1056.1714944839478 2348.9866671562195 3590.6523476839066 4353.479697608949
11640 2273.493614806129 302.8515501022339 982.7801451683044 2260.79414999485 3509.8876948952675 4268.611581254005
11700 2244.8974289211283 322.7699091434479 945.7559802532196 2224.621996998787 3466.9756365418434 4243.069743037224
11760 2261.694050511562 342.186660528183 999.49429500103 2253.4618524312973 3466.7452922463417 4259.82614865303
11820 2216.4555282138035 320.9321795225144 886.0261562466621 2205.8272919654846 3472.286099731922 4224.179150819778
11880 2163.0502543605844 319.29513597488403 841.7393109798431 2106.398265838623 3398.471935033798 4136.1309950351715
11940 2153.236800087252 311.69498689174657 812.3622386455536 2084.057632446289 3365.7786461114883 4130.2062713623045
12000 2197.762134876635 307.24990286827096 866.2759319543839 2177.7904148101807 3444.5215599536896 4145.979358911514
12060 2140.626410369526 303.06282522678373 816.2429119348526 2096.5542571544647 3349.4762837290764 4117.275282597542
12120 2107.5245520999943 295.97749304771423 787.8899286389351 2017.335238456726 3339.375202357769 4103.243166208267
12180 2078.624157782414 335.3077348470688 802.8976228833199 1960.8281500339508 3268.3307271003723 4080.7895848035814
12240 2053.532027656364 327.6190301418305 783.882940530777 1934.8038828372955 3251.088453888893 4013.992038965225
12300 2045.1726227740955 321.6485173940659 811.517678976059 1947.961907505989 3244.5192914009094 4010.2522867918015
12360 2038.832030083198 327.2614485979081 805.1518270969391 1910.6971280574799 3251.7032095193863 4003.7785119056707
12420 2026.2674132198747 330.9535544395447 814.8383990526199 1923.3215780258179 3207.297210931778 3983.4876599788668
12480 1974.3985605752143 301.93642699718475 769.1132910847664 1793.1620185375214 3153.058506965637 3925.140564441681
12540 1975.4374054431282 303.0171639919281 811.0740008354187 1829.8082308769226 3125.7070939540863 3916.253850507737
12600 1956.8026705441994 316.84826898574835 810.3233690261841 1770.9680235385895 3095.5108748078346 3893.4870994091034
12660 1927.779802534573 312.17748987674713 814.8536550402641 1743.2858179807663 3020.826996564865 3822.5535818576814
12720 1923.084261724908 322.0731420516968 806.6092405319214 1707.9167861938477 3037.6127259731293 3842.45061378479
12780 1910.5986558402583 331.89882907867434 823.5615561008453 1695.1200158596039 2985.551358938217 3778.419440174103
12840 1930.0623727126192 348.7042136192322 831.1335908174515 1732.7812229394913 3001.3735102415085 3803.774464225769
12900 1886.799006278925 335.78871698379515 824.2419319152832 1630.3618290424347 2947.1937284469604 3764.7976195812225
12960 1858.8098863420978 344.9812705278397 816.6263221502304 1639.805048584938 2892.969590127468 3727.1900289773944
13020 1836.8465051361286 317.93665568828584 773.963981449604 1631.327619433403 2865.4652200341225 3700.5758475303655
13080 1846.429757111116 326.6368987083435 825.8775680065155 1659.5107350349426 2854.397794008255 3657.570683002472
13140 1820.5935941728437 313.882759809494 786.4363088607788 1633.526699066162 2819.9551758766174 3654.2030539512634
13200 1860.3498856753602 334.80738141536716 828.2153724431992 1703.0503205060959 2862.8703662753105 3628.693925476074
13260 1818.709916039109 324.66842534542087 808.2419714927673 1669.5835980176926 2795.0841923356056 3584.152599334717
13320 1842.0312225879463 360.5278812408447 857.8970462083817 1703.147938966751 2789.7717430591583 3582.0266183137896
13380 1856.4434085131265 371.5844204425812 897.9381582140923 1725.8327835798264 2780.6014432907104 3567.0379540920258
13440 1839.9549339421596 359.2805024385452 874.2846519947052 1704.436196923256 2787.2241699695587 3549.40747153759
13500 1825.2421961890925 358.85591690540315 891.050221323967 1724.8033465147018 2703.593591272831 3524.1582644224172
13560 1842.4076262086508 368.8879141807556 896.5316050052643 1732.236762046814 2754.8597741127014 3544.285777664185
13620 1868.1793705508474 394.51697566509245 915.9698249697685 1770.3352680206299 2734.8513629436493 3596.835321378708
13680 1929.4168385611797 426.993577003479 982.7853665351868 1805.4142439365387 2819.541317462921 3690.2720556497575
13740 1936.1830997890327 436.71256399154663 955.3686729669571 1832.1759731769562 2822.7066655158997 3686.2898310661317
13800 1980.1461820028496 466.17646994590757 988.8623924255371 1895.0682141780853 2891.7726554870605 3720.1044241428376
13860 2031.0018279245821 479.82770147323606 1049.4765388965607 1951.336662054062 2953.2495069503784 3791.9495295524603
13920 2082.4807520049953 536.2383656024933 1106.0746330618858 1997.2635694742203 2982.420568585396 3840.3012718915943
13980 2102.106261116349 555.5527936697007 1119.4253950715065 1998.0062650442123 3025.6651720404625 3894.1414239406586
14040 2135.1515874892534 540.8902195453645 1135.1014230251312 2062.8670129776 3050.053053855896 3926.163184690475
14100 2197.138697524891 609.5764404058457 1196.229124367237 2092.571021437645 3183.581498146057 4031.118762421608
14160 2228.8231788708367 584.6113290309906 1185.326018512249 2146.75724196434 3237.173043012619 4086.27606856823
14220 2279.600318502024 633.9970845222473 1254.8823652267456 2205.659132003784 3255.5582749843597 4107.494946670532
14280 2322.3763990855514 627.8504045963288 1291.7479889392853 2268.617970943451 3316.6226739883423 4196.526341199876
14340 2346.0691964192256 632.3013856887817 1300.3551915287971 2275.3955080509186 3347.6863221526146 4254.581769323349
14400 2387.8579490756183 647.066562461853 1388.1295725107193 2325.8393111228943 3349.676766514778 4285.683678674698
14460 2410.334243750405 618.1986783266068 1350.6221894025803 2349.665857553482 3430.9296777248383 4345.422029018402
14520 2460.8466114724547 667.9740959644319 1427.3969161510468 2388.731570005417 3460.838935136795 4418.10362663269
14580 2467.2173264815806 638.36039083004 1407.9361760020256 2395.282459974289 3468.428812265396 4438.976470637322
14640 2527.3632963890154 656.2465060472489 1446.741418838501 2482.8450478315353 3540.0736241936684 4505.579436635971
14700 2572.5670949510995 682.2813426733018 1499.7050976157188 2528.958373069763 3594.509634256363 4556.106925034523
14760 2633.5075626421244 686.9457415103913 1542.4652751684189 2606.5842159986496 3720.4648775458336 4645.26206703186
14820 2620.054462082855 609.9271076440812 1503.8736177682877 2582.8737449645996 3686.167670547962 4680.925992012026
14880 2671.151988305381 683.5417550563812 1582.4921259880066 2627.716992855072 3737.651085138321 4702.135994052887
14940 2709.99491312937 680.0313894748688 1623.2475410699844 2677.5165585279465 3756.7045362591743 4817.23874604702
15000 2717.6918861281324 641.8038318157196 1618.7948389053345 2696.146815061569 3766.052453994751 4807.088208913803
15060 2749.372180109461 633.6950551509858 1644.590826034546 2737.4218821525574 3808.6044869422913 4864.133016490936
15120 2802.8901885882906 668.1475088596344 1704.0310835838318 2757.368131875992 3874.3921855688095 4956.000677108765
15180 2819.969850781709 679.9779660701752 1665.232899904251 2800.3169391155243 3923.664896965027 4991.051544904709
15240 2871.3834247052114 676.3453467845917 1745.6483571529388 2864.418739080429 3992.0531683564186 5033.099568414687
15300 2918.1909311159066 733.2645072460175 1788.7001390457153 2898.356095790863 4051.976837873459 5115.101440000534
15360 2940.7863742472655 724.2960991382603 1845.7927951216698 2946.0646975040436 4063.662884235382 5095.013358712198
15420 3023.1823320703247 727.7828248262406 1883.871871471405 3050.2119776010513 4173.019645631313 5244.200200891494
15480 3011.7594265650982 698.7075271606445 1848.7891891002655 3048.7988489866257 4199.512215912342 5241.104786515236
15540 3090.6976726609214 762.4893071651459 1865.3275091648102 3117.5523200035095 4323.68372797966 5375.680469036102
15600 3103.3219536836987 742.0903475046158 1942.4560806751251 3156.7845290899277 4289.9778008461 5369.592693090439
15660 3168.4705600405264 792.1525514364243 1955.9200880527496 3224.1921949386597 4385.999535858631 5453.895485067368
15720 3205.6891129408673 818.5658654689789 1969.37548995018 3249.063773870468 4443.080816030502 5468.176091003418
15780 3155.860529557221 723.0104163646698 1855.5420744419098 3209.0262818336487 4421.180542945862 5508.212767028809
15840 3259.4824485266395 763.1046122074129 1970.5893104672432 3345.9870544672012 4532.329153299332 5616.462714123727
15900 3244.6612471477615 716.3909739255905 1858.395053744316 3319.0358350276947 4550.907261967659 5637.210370111466
15960 3323.2876934055403 767.0504422903061 1944.0275506973267 3392.9702056646347 4635.302780151367 5755.9055586338045
16020 3370.5677001160784 813.2414371490479 2039.4332946538925 3449.7455730438232 4696.8435089588165 5725.847578382492
16080 3374.4482868358277 811.6113072395325 1970.3187299966812 3471.284914970398 4721.589184582233 5807.868493962288
16140 3398.729871171283 815.0743129253387 1984.2454409599304 3485.749631881714 4721.334813117981 5850.929515838623
16200 3463.9841346265093 827.2552505016328 2068.8030410408974 3572.7179139852524 4789.726325333118 5938.033000016212
16260 3437.192107506408 834.3560805082321 1999.7829875349998 3509.2496945858 4775.873868882656 5935.056831312179
16320 3508.4442982398637 848.1734012126923 2014.0778098106384 3621.8982779979706 4917.863719940186 6074.382637262345
16380 3531.4125798096693 871.9079878330231 2033.4928228855133 3604.7031168937683 4912.602834939957 6151.098306894302
16440 3535.933082222136 797.677924156189 1949.9205034971237 3647.538762807846 5025.978936433792 6157.399080038071
16500 3539.17337641023 783.7817313671112 1963.1775599718094 3623.7158918380737 5067.989826917648 6208.823114204407
16560 3556.7910533089134 727.3644832372665 1955.0579206943512 3668.077973127365 5045.700780034065 6253.255472397805
16620 3592.143470901245 770.8431442260742 2000.0088568925858 3687.727124929428 5140.150967478752 6297.628345823288
16680 3637.5287403019956 788.4469814777373 2045.3686972260475 3733.275637984276 5188.287950396538 6364.196742892265
16740 3686.7321078886634 860.2035075426102 2003.2929019927979 3759.3161350488663 5329.016228616238 6464.716364979744
16800 3690.1089965111446 783.7695746183394 2003.581403374672 3789.810584664345 5349.69865334034 6527.672613692283
16860 3687.673182220309 727.214645433426 1932.6734840869904 3788.805284023285 5332.101371526718 6563.104483795166
16920 3736.847192995978 822.6358749866486 2081.3075619339943 3807.304046034813 5406.532860934734 6576.383051466942
16980 3761.32115002613 731.4183146953583 1995.6659065485 3818.2613270282745 5510.845629453659 6709.163720226288
17040 3806.9301661233203 719.5264992237092 2032.0667276978493 3883.2827999591827 5602.144315540791 6768.759266877175
17100 3767.9268565368147 769.1303601264954 1972.253597021103 3830.196639060974 5555.235311985016 6736.8952888488775
17160 3848.226069233862 794.2105201244354 2029.7182239294052 3893.1821010112762 5647.371322989464 6880.164716768265
17220 3893.116175380683 756.6556986570358 1941.2588127851486 3942.2339725494385 5817.056515514851 7021.226873064042
17280 3886.2797288946235 824.9915399312973 1988.1012023091316 3888.925940990448 5740.460961818695 6987.683037567139
17340 3997.5274932966167 815.7617490291595 2080.820679485798 4041.0554440021515 5964.051446378231 7076.124748945236
17400 4011.8475402460876 838.1130506515503 2131.332431077957 4019.672263145447 5945.087743997574 7061.165200901032
17460 3965.890605716883 818.803084564209 1951.7014091014862 3979.310585975647 5956.803648948669 7146.080457830429
17520 4008.911393062634 765.9390709400177 1974.323045015335 4006.341556072235 5979.415229797363 7207.896021127701
17580 4007.790788064791 772.4988009929657 1973.226727962494 4026.901253938675 5993.041927099228 7263.218788862228
17640 3976.970390175136 723.7090583562853 1943.026578426361 4009.353612422943 5956.743467450142 7203.77569873333
17700 3969.728944153737 764.261467909813 1972.2753139734268 3940.9159796237946 5986.262848377228 7187.802608704567
17760 3852.7967988305027 646.6982302188874 1780.3023149967194 3844.720384120941 5877.4006559848785 7102.142995738984
17820 3969.077895702371 694.5258487224579 1931.567435503006 4050.3870861530304 5942.694142580032 7150.496982955932
17880 3925.2296132088895 658.2671221733093 1868.0135813951492 3885.620311021805 5968.787643194199 7193.840526866913
17940 3897.883805107242 641.4802746534348 1867.6640943288803 3913.4271174669266 5882.789161622524 7051.479277515411
18000 3856.9161578692197 583.5402585506439 1762.54127317667 3850.326020002365 5885.956719517708 7058.942757129671
18060 3850.8444063530746 612.8231421470646 1839.5911434292793 3833.975674390793 5793.324983358383 7091.096013975143
18120 3817.5408102360348 506.4075157165527 1763.9531381130219 3817.3359668254852 5895.24763584137 7050.428395700456
18180 3757.0110074274985 516.7040523767472 1674.7791419625282 3803.8647298812866 5754.289999127388 6887.968209457397
18240 3733.1870611121694 527.369727230072 1655.177123785019 3649.3929381370544 5773.898216962814 7015.790609836578
18300 3706.359866190484 515.1607931137087 1586.277112007141 3628.8021850585938 5759.064010977745 6979.291545438767
18360 3728.195375928885 574.8357032775879 1670.5149785280228 3673.2666549682617 5736.697320342064 6986.11698255539
18420 3692.772520911133 545.6594743728638 1645.0259656310081 3636.294213414192 5728.158017873764 6855.816848397255
18480 3616.6002644803516 520.025907421112 1469.403685450554 3582.2567949295044 5669.731580615044 6818.0414945125585
18540 3613.4662200338853 507.0142016410828 1477.068021118641 3564.38105905056 5662.634040594101 6844.0056367158895
18600 3641.511882835882 527.205687880516 1520.5931432843208 3610.2471594810486 5671.486530959606 6835.379637002945
18660 3626.634368149388 560.2752155065536 1480.515214920044 3554.091274023056 5698.248790860176 6849.835464596748
18720 3613.804022721184 513.5992487907411 1445.1836941242218 3587.3459141254425 5701.209113121033 6855.256402015687
18780 3592.2769888776893 561.9498315811157 1483.0323350429535 3554.1318740844727 5569.99751996994 6836.304433631897
18840 3498.431185950192 536.9737256526947 1315.5479120612144 3338.296291589737 5538.291894078255 6799.518005013467
18900 3577.2143093770583 582.7216321468353 1415.3593602776527 3501.258332967758 5603.564972639084 6803.442887496947
18960 3588.287661490267 559.3018341064453 1379.6710609197617 3453.047823905945 5705.218289971352 6902.990907907486
19020 3646.2062343828193 580.5550949573517 1462.5550474524498 3631.735845565796 5640.273278713226 6897.626923561096
19080 3643.6266339204276 601.3810399770737 1449.976480960846 3533.2083724737167 5647.466024637222 6933.383243560791
19140 3678.4937299119047 616.1828572511673 1472.1076295375824 3545.522849559784 5745.0400285720825 7051.859044647217
19200 3740.5032768777796 617.7768654346467 1482.7008928060532 3661.515596628189 5848.327726721764 7137.423678731919
19260 3784.2430904510525 681.261291217804 1511.1782898902893 3689.2499780654907 5883.919298171997 7196.198121500016
19320 3818.177572615857 738.5508470535278 1611.1484636068344 3703.99178814888 5879.541997432709 7247.060026216507
19380 3877.9772956709153 770.3411354541779 1662.4106369018555 3796.391355037689 5942.569540977478 7241.343205404282
19440 3884.9962181799324 786.4262871265412 1655.5446420907974 3767.756599187851 5980.088265538216 7345.644661664964
19500 3945.5227077256186 802.3952220439911 1670.427539408207 3836.1762989759445 6089.653039813042 7440.482831954956
19560 3902.8095563584 838.0173694610596 1673.3001108169556 3711.9365730285645 6073.3565220832825 7437.10642848015
19620 4046.519779131191 855.626459980011 1769.1858539581299 3919.3990540504456 6239.8175230026245 7566.587707281112
19680 4035.8801357148236 882.5134521484375 1824.1124138832092 3889.803073167801 6172.075972795486 7511.369448232652
19740 4035.102032514462 929.7432689666748 1807.988119840622 3868.6939004659653 6189.199921786785 7590.0977586984645
19800 4003.3882086402973 847.392908883095 1780.0218876600266 3783.8722684383392 6108.227637529373 7607.694452047348
19860 4179.0102856865105 946.6105328559876 1920.6507449150085 4104.78214597702 6343.871793985367 7753.633527565003
19920 4197.876844030987 952.7905943155289 1948.3410279750824 4020.7977880239487 6397.815748929977 7799.220425558091
19980 4155.1761836084825 940.6612279176712 1912.046674311161 3950.637097120285 6395.617690086365 7804.175597023964
20040 4247.7102117508575 991.3899556159973 1977.9120144844055 4102.0880246162415 6526.080530226231 7889.526687073708
20100 4345.379787009653 1030.1835077285768 2023.5152037143707 4234.692195057869 6629.816617786884 8020.161642575264
20160 4239.350477787948 959.9541907310486 1996.5713238716125 3999.500664949417 6482.16030216217 7873.190781927108
20220 4304.684610960335 943.5089570999146 2019.115182042122 4051.3380749225616 6555.1160089969635 8079.807774257664
20280 4333.545501241203 1042.8812693357468 2071.640856862068 4182.278029084206 6580.012300372124 8000.037927746773
20340 4367.373483874986 945.2051331996918 2047.2938661575317 4131.379897117615 6690.679615020752 8167.705464220048
20400 4473.515842335253 1052.6471170902253 2254.2546087503433 4246.4334725141525 6753.512636244297 8245.064042758942
20460 4452.57247233202 994.6141007900239 2160.2751603126526 4252.757372021675 6763.886496126652 8251.728527760508
20520 4519.2592321130605 1010.3749134540559 2272.65581202507 4306.902861833572 6863.743068933487 8280.736362457277
20580 4493.081354006033 999.6673389434816 2201.0859726667404 4233.122758507729 6839.101553797722 8378.936561632156
20640 4644.131770019681 1071.9867694854736 2325.0735800862312 4493.165167093277 7008.463306128979 8516.745513224601
20700 4616.511538842033 1068.3526196956634 2364.4129600524902 4444.081362128258 6872.165270268917 8421.74411816597
20760 4616.622524436346 1100.2692027091982 2354.1408739089966 4385.325736999512 6905.213954925537 8495.785484409333
20820 4665.774397068263 1066.7699990272522 2352.8696658611298 4421.833523988724 7059.301384925842 8624.388423919678
20880 4731.900119699876 1126.6572777271272 2416.585191011429 4567.526104927063 7211.613666057587 8577.77540178299
20940 4762.088667340174 1160.924478173256 2488.237838804722 4583.059373021126 7080.670142531395 8642.419582009315
21000 4876.337067099351 1110.9524250030518 2466.7150559425354 4739.232468128204 7367.856583118439 8781.50505900383
21060 4853.989685677838 1098.903525876999 2590.6939138770103 4573.216077566147 7327.097465276718 8851.785233068467
21120 4885.931779098226 1169.7383464813233 2592.1852538585663 4612.6442630290985 7406.6402950286865 8919.348512554168
21180 4874.087313323607 1076.4847343683243 2570.74365401268 4582.136314630508 7406.857036948204 8957.228545880318
21240 4921.731414197371 1117.890776872635 2650.650645017624 4673.95180106163 7371.1306121349335 8960.059041976929
21300 4978.610775388461 1212.9797921657564 2682.787584543228 4719.178227186203 7507.303871512413 8996.390626001357
21360 4975.549954273979 1191.276832532883 2650.123069047928 4687.692880153656 7507.235560178757 9084.746268177032
21420 4999.339678394502 1213.82546043396 2739.3925701975822 4733.596843600273 7433.749978125095 9141.944674611092
21480 5028.186346426767 1188.0940471172332 2744.589720606804 4768.295463085175 7507.284453988075 9123.788765525818
21540 5062.760067067532 1138.580440068245 2772.0787066817284 4795.681156873703 7551.431959748268 9205.711631035805
21600 5038.8865397280115 1056.280413866043 2620.536066174507 4877.106987476349 7555.29985588789 9211.107230734824
