120 57.259430783571695 5.262540102005005 15.495252847671509 49.65447187423706 100.88469696044922 117.47428798675537
180 67.32028814563128 12.619961023330688 31.763089179992676 55.488454818725586 89.5968370437622 147.86680793762207
240 83.39124186361485 25.93067502975464 46.14240312576294 73.59411215782166 108.55226683616638 153.09231209754944
300 110.30042818310159 34.37647795677185 62.104103088378906 103.98590302467346 146.83677101135254 189.98612728118914
360 139.06658836793682 41.72420287132263 79.55181765556335 133.93773007392883 190.95051097869873 236.70609211921692
420 167.67324878385938 48.07876920700073 91.88555598258972 164.64173197746277 235.77226901054382 286.14640498161316
480 197.3601754993154 55.055024266242995 107.74427819252014 193.8727159500122 280.5535008907318 337.3050010204315
540 227.50340802226097 62.04240798950195 124.66039419174194 224.2458999156952 326.91119599342346 388.54374408721924
600 257.6968493923225 68.51681709289551 140.1745982170105 256.7761740684509 371.5495548248291 441.1463260650635
660 287.08364161837517 72.99332032203677 153.19482111930847 286.29678320884705 416.5325300693512 494.6853034019471
720 318.2670711049027 80.28699207305908 169.72088098526 320.17999601364136 462.7106338739395 549.4986912250517
780 348.20032334553815 84.17055010795593 185.22621488571167 350.14542388916016 508.66103887557983 603.862594127655
840 377.24556833837045 89.62188858985901 198.31737899780273 379.6443338394165 552.8923609256744 656.9660818576813
900 418.44676489677727 117.52354426383972 228.39890885353088 419.90676403045654 604.0176751613617 714.1595199108124
960 462.6122260530621 150.08168540000918 265.1319687962532 464.3646559715271 657.5285830497742 771.7244157791138
1020 499.65447111159546 165.521586894989 291.95239889621735 503.744668006897 705.7188187837601 826.8927799701693
1080 553.1997250348179 213.6669909954071 343.0944958925247 555.9817771911621 763.3784167170525 885.4696528911591
1140 597.5382344597724 249.73860058784484 384.80537700653076 602.856673002243 816.3746960163116 943.7745292186737
1200 628.7941478903732 245.80627489089966 403.83076214790344 636.0587589740753 863.3033399581909 999.5342829227448
1260 670.6749387083345 248.1765480041504 439.59311604499817 679.5917840003967 917.6530447006226 1056.654023885727
1320 731.1500418001818 308.4067590236664 501.75733709335327 740.494861125946 977.18781208992 1117.1329481601715
1380 779.2610729727851 350.2006778717041 551.0767681598663 789.7556399106979 1031.0606616139412 1175.1498458385468
1440 801.8175814170743 351.58186531066895 568.9059970378876 827.8229291439056 1082.5686070919037 1231.3758641242982
1500 854.1523349918428 399.3290965080261 616.5530660152435 880.0675618648529 1137.7517321109772 1291.6727328300476
1560 894.1061710443552 410.5136249065399 647.8180651664734 923.9044921398163 1188.456337928772 1345.0669629573822
1620 924.5853033134247 390.8624827861786 645.341071844101 949.5031440258026 1235.8984138965607 1397.806494140625
1680 955.2530060337916 368.556125164032 631.3230881094933 986.8884651660919 1283.4308230876923 1453.0408008098602
1740 986.0708148912399 364.4627070426941 648.7048472762108 1021.4014019966125 1329.4501349925995 1510.3175015449524
1800 1041.0404484594787 416.493252825737 699.587630033493 1079.157602071762 1392.039046227932 1570.1158862113953
1860 1097.942924688422 477.71281042099 755.9032950401306 1133.8421560525894 1448.0410430431366 1627.5852154731751
1920 1158.627689105759 537.5243827819825 818.2731397151947 1194.4142224788666 1505.6504895091057 1688.353096961975
1980 1216.859381369219 594.5007895469666 875.0801944732666 1255.97212100029 1565.4598834514618 1745.6909627914429
2040 1261.2054927610614 646.3052568435669 920.4833110570908 1306.9222464561462 1624.7937315702438 1809.05134806633
2100 1262.6311879172695 670.3750752925873 902.4232411384583 1338.640151500702 1672.80374199152 1862.2784259319305
2160 1276.9768707886722 678.8067345619202 905.9191799163818 1375.5455861091614 1716.1766080856323 1915.310131072998
2220 1337.1607615237654 731.7605340242386 956.1444637775421 1433.3112369775772 1780.3442759513855 1978.433641910553
2280 1371.7684671383538 718.8689222335815 958.1860765218735 1468.1144680976868 1820.9031610488892 2029.6983668804169
2340 1405.7858963167607 692.5342085361481 964.5046379566193 1503.0659910440445 1872.3884708881378 2086.2432309389114
2400 1437.9121547577654 683.5544820547104 998.6601234674454 1527.458503961563 1914.7162249088287 2138.996448993683
2460 1470.2599961477365 669.9435639381409 1031.0201017856598 1560.213065981865 1960.9535629749298 2198.1371319293976
2520 1496.1935781694867 656.5314715623856 1031.7374749183655 1587.9566789865494 2005.4502391815186 2250.873980998993
2580 1523.8911185922643 653.6382778644562 1025.3121001720428 1586.4616250991821 2050.310621023178 2304.4835508346564
2640 1558.4548396796254 643.8294456481933 1022.7116000652313 1602.288741827011 2097.926085948944 2365.0491330623627
2700 1588.7860985355937 658.8284010887146 1018.7766509056091 1629.56498503685 2152.2057609558105 2413.3636388778687
2760 1621.6337418564751 693.7423513174057 1021.8014709353447 1665.830393910408 2197.536079645157 2470.4834063529975
2820 1665.041629067258 743.4258379936218 1064.553486943245 1702.7434915304184 2244.845804452896 2522.1875190734863
2880 1733.2340178185493 808.0847210884094 1128.7895865440369 1775.675486087799 2313.684781074524 2587.9762251377106
2940 1793.1167873520844 869.5089359283447 1199.783567905426 1837.3327840566635 2367.6107399463654 2641.2916216135027
3000 1856.2462906276287 926.8124866485596 1258.9436049461365 1898.3918315172195 2438.8399000167847 2709.997961997986
3060 1911.5351164943954 988.0780914068222 1310.9859464168549 1955.9380369186401 2488.528291940689 2766.5862429142
3120 1980.0516143941886 1050.5424220561981 1375.9085015058517 2029.258957028389 2560.410190463066 2826.6189000606537
3180 2035.7891010736453 1107.5930156230927 1435.3334300518036 2074.8862051963806 2615.560548067093 2891.840313911438
3240 2095.3275941306474 1171.1399521827698 1498.1157237291336 2136.9333729743958 2669.2362470030785 2947.885679125786
3300 2157.090030743171 1230.736740398407 1563.0172851085663 2194.24907207489 2740.443316936493 3006.9851024627687
3360 2220.9257425816477 1288.3948330879211 1616.1859023571014 2267.1983025074005 2797.1797466874123 3071.554998254776
3420 2274.5556019200526 1345.7564749717712 1671.8429961204529 2319.494632124901 2853.893378019333 3128.3151937007906
3480 2330.7180871066143 1407.0690500736237 1731.0679230690002 2373.087723970413 2911.095658004284 3189.9963217735294
3540 2396.0313376209856 1465.2491550445557 1801.227772951126 2440.2138121128082 2974.5392479896545 3252.574918985367
3600 2455.8415324797975 1528.0574588775635 1864.818731546402 2498.7777287960052 3031.9765815138817 3305.204625296593
3660 2513.4021306247582 1583.8470134735107 1916.005162537098 2560.6584924459457 3088.9962919950485 3365.431096744537
3720 2539.1648633327636 1620.6913568973541 1913.9915339946747 2573.7450128793716 3138.4548211097717 3419.8602969646454
3780 2561.812616933866 1646.9743036270143 1913.045088171959 2569.389222383499 3181.7728650569916 3473.671764588356
3840 2595.6940631173375 1674.9071579933166 1923.7860531806946 2610.881761074066 3227.4951388835907 3528.865700006485
3900 2622.4429775148005 1672.9793795585633 1931.087052822113 2612.940286874771 3270.698961019516 3583.139245033264
3960 2658.636015221153 1647.6855721473694 1939.29647397995 2655.0098021030426 3334.666140437126 3640.7732288837433
4020 2677.2561197323544 1632.8150969028472 1965.3252584934235 2664.4414949417114 3375.618893146515 3694.3479319095613
4080 2695.900094116867 1620.383738040924 1999.9624944925308 2687.44841504097 3410.7253293395042 3747.0397090911865
4140 2725.781623664649 1601.3214611530304 2038.2703998684883 2733.6740419864655 3458.20588439703 3806.456354212761
4200 2752.699803072407 1592.3007572650909 2081.0510590076447 2781.365196943283 3500.2920730113983 3855.752648544312
4260 2790.7227268075603 1576.3615015983582 2118.567286968231 2834.0994119644165 3568.8921650648117 3927.2840236663824
4320 2810.3417658153626 1565.9993954896927 2150.1323314905167 2851.490182876587 3604.4725419282913 3978.2991890907288
4380 2827.174002263314 1552.2755069732666 2120.3613817095757 2864.7313104867935 3649.7052339315414 4024.354225873947
4440 2855.293431426864 1538.3117818832397 2121.296443939209 2878.860841989517 3692.305962085724 4082.687460899353
4500 2870.6339036455875 1535.897351360321 2120.828097641468 2872.0442036390305 3735.1740629673004 4123.514710617065
4560 2904.3884749469357 1504.4746668338776 2124.071686029434 2918.8841149806976 3797.3580360412598 4187.2345099926
4620 2940.950106830038 1499.9913492679595 2142.0240268707275 2958.5234911441803 3854.684019088745 4255.795261573791
4680 2950.140408616486 1472.9142804384232 2128.029661297798 2942.9618295431137 3885.7402848005295 4305.236512184143
4740 2986.510561942097 1492.3644180297852 2137.467989563942 2995.006543159485 3936.7775185108185 4360.844900465012
4800 3049.5911155801073 1551.8885005950929 2206.897372484207 3049.4311311244965 4000.4062205553055 4413.4614181518555
4860 3097.9274182458466 1603.8511209487915 2243.4443238973618 3089.0867779254913 4048.3823969364166 4474.5880398750305
4920 3160.9370122511855 1663.3860459804534 2307.61457490921 3157.44761800766 4107.490256786346 4531.264294576646
4980 3231.653551941293 1719.2812454223633 2399.5284445285797 3232.406167984009 4181.384463071823 4607.658634901047
5040 3299.2812320420016 1795.2028096199035 2461.9152569770813 3301.564244031906 4254.340917825699 4665.420559453964
5100 3357.927303970331 1842.9009267807007 2509.1150381565094 3365.2610750198364 4308.073976993561 4730.666181230545
5160 3406.4349718779536 1907.9330205440522 2558.543683052063 3409.67484998703 4357.230436086655 4775.525032138824
5220 3455.6086133251774 1950.299693107605 2578.8630740642548 3451.173485994339 4421.2926030159 4839.554807901382
5280 3528.171627760948 2025.8802698135378 2696.8763273358345 3523.2609570026398 4468.292125940323 4892.896859169006
5340 3580.268555509244 2081.929721403122 2719.7633299827576 3572.2069051265717 4543.617572069168 4950.3711353302
5400 3642.353826540939 2151.8207540512085 2801.442734003067 3655.497734069824 4577.610781908035 5003.133662939072
5460 3704.770130341482 2223.5656490802767 2844.0298199653625 3695.3308260440826 4664.366602540016 5080.671942186355
5520 3773.8790367532606 2282.718610048294 2935.261731028557 3775.4593348503113 4711.952001094818 5146.136310100555
5580 3832.671490135944 2322.1143195152285 2972.6159756183624 3835.2477180957794 4781.7894659638405 5204.221503829956
5640 3889.0931939964507 2408.787036514282 3038.012400507927 3886.8047330379486 4832.546540975571 5261.123365163803
5700 3944.8274103777253 2446.4075140476225 3091.076996743679 3926.553699016571 4899.6929696798325 5324.634812235832
5760 4016.0075586104385 2524.768970441818 3175.951014995575 4027.3039968013763 4950.352340936661 5378.753600740432
5820 4076.075063781786 2594.874340033531 3233.7203897237778 4087.699352502823 5018.639428138733 5435.809808969498
5880 4121.559910061558 2623.2097380161285 3261.3139815330505 4130.668375968933 5065.860933184624 5498.964593410492
5940 4183.577967150374 2682.280070233345 3315.335635960102 4187.227566957474 5137.429491519928 5561.463939571381
6000 4248.4035462994825 2752.1394469738007 3413.062508583069 4240.281183600426 5196.9682322740555 5622.393129467964
6060 4309.732740790691 2829.5103409290314 3463.212429881096 4303.727398395538 5256.929259717464 5670.190155029297
6120 4365.026519014462 2868.4565145492556 3510.0553818941116 4347.673909902573 5322.805689096451 5736.4643721580505
6180 4416.925460878209 2922.948116636276 3559.4767467975616 4417.484888076782 5371.113713979721 5793.383402681351
6240 4487.693709778608 2984.984232068062 3630.0132727622986 4514.3022174835205 5435.939385056496 5851.087193655968
6300 4545.780162638127 3033.5081699848174 3701.9452572464943 4540.620810985565 5504.963446140289 5921.859664273262
6360 4561.099071575874 3023.170775270462 3676.521704554558 4552.58138859272 5541.769203722477 5981.1114776849745
6420 4600.096959005569 3033.674178028107 3717.275451183319 4599.134436130524 5584.076354980469 6025.615286970139
6480 4617.475211124436 3018.9939119815826 3710.3103370666504 4605.041172981262 5632.607213020325 6089.419492959976
6540 4628.672916558277 2989.9889022827147 3690.333575308323 4618.001333475113 5674.557298779488 6122.863910913467
6600 4658.647967848283 2988.608152961731 3689.6254690289497 4655.791577100754 5718.070067822933 6199.268788099289
6660 4698.526887500546 2997.836615991592 3696.162430047989 4705.752692937851 5775.839888095856 6253.190866374969
6720 4711.008051498574 2977.4919115304947 3698.146687746048 4692.39713203907 5825.298426151276 6314.668884038925
6780 4707.4764445047995 2946.628216981888 3662.10889005661 4724.7018139362335 5861.959515810013 6337.1061958312985
6840 4738.51035832663 2934.9701334238052 3649.8541623950005 4777.656058430672 5888.773146271706 6401.607294082642
6900 4798.875374110739 2926.9568009853365 3734.3594340085983 4853.352781057358 5966.020220398903 6475.499037981033
6960 4778.135552107942 2863.412872505188 3650.6938529014587 4866.470773935318 5955.145479917526 6533.46596622467
7020 4782.836229871364 2859.0495981931685 3625.288655459881 4894.142913818359 5986.372245371342 6571.739912366867
7080 4830.799607894892 2860.355089569092 3663.244856119156 4952.964383125305 6029.771587848663 6642.984927177429
7140 4872.238589803697 2854.299192905426 3705.3192749023438 5019.789920091629 6106.891247987747 6686.03927898407
7200 4904.021706528321 2837.914155960083 3707.949662923813 5070.964184999466 6174.390912055969 6747.406224012375
7260 4871.063419218921 2775.128522872925 3630.6122665405273 5037.943761110306 6169.572216033936 6793.391123056412
7320 4907.316357567294 2776.3153558731083 3659.801128447056 5101.2625650167465 6221.5458216667175 6855.0250802278515
7380 4926.761365300659 2784.7148468971254 3678.947906732559 5110.085363984108 6241.526537001133 6887.865388751031
7440 4967.43125543151 2774.0878648757935 3696.0041811466217 5147.439202070236 6303.865480899811 6955.702100038528
7500 4960.1233170133955 2695.8843165159224 3631.60175549984 5119.603666901588 6353.573987662792 7004.068571090698
7560 4973.328933367095 2672.5850241184235 3646.8166675567627 5123.349236011505 6347.488955974579 7061.678542137146
7620 4998.05386028181 2686.335152029991 3639.4557179808617 5134.212171435356 6398.619753718376 7123.6685359478
7680 5009.258725579085 2675.7009432077407 3626.3161534667015 5167.810036897659 6397.946650505066 7161.1677451610585
7740 5049.53606772283 2640.6688978672028 3633.8285093307495 5204.578391075134 6481.275129079819 7234.630745887756
7800 5088.507200050649 2657.065330028534 3693.9466185569763 5248.984163045883 6492.363806605339 7290.400296211243
7860 5107.6481624740345 2646.190791559219 3667.588050842285 5276.269637107849 6529.377901792526 7313.472723007202
7920 5093.741108521161 2592.559296131134 3608.4345519542694 5233.0925970077515 6570.531569004059 7386.5361597538
7980 5165.148731159152 2590.6320689201357 3714.7264811992645 5355.488955974579 6650.265563011169 7438.586888742448
8040 5150.367820633389 2569.0009529590607 3619.3204075098038 5310.717913150787 6680.303354978561 7508.650652456284
8100 5191.372997385137 2601.9534061431887 3654.7030708789825 5337.919909954071 6732.918506860733 7543.460324048996
8160 5163.932314545283 2521.5240042686464 3583.6187880039215 5283.161267995834 6752.817430496216 7613.1948919296265
8220 5254.235692159973 2604.6476390361786 3671.5707919597626 5392.119747877121 6846.09997010231 7673.880881786346
8280 5334.188898222102 2653.5799720048904 3741.289623260498 5502.987011551857 6915.022750139236 7747.013823604583
8340 5335.381854484721 2654.206069946289 3749.7149918079376 5465.877806544304 6934.59852874279 7780.617413043976
8400 5410.72804281546 2748.300953102112 3839.213842153549 5545.885309934616 6990.753514051437 7824.440317153932
8460 5523.237744917639 2864.1813576698305 3964.8855130672455 5689.018249034882 7095.649374961853 7903.019050788879
8520 5587.357505126268 2897.776063013077 4000.227822303772 5778.443301439285 7159.418892860413 7989.469719433784
8580 5616.437085362767 2940.4777187824247 4035.374300956726 5792.82151889801 7201.928949832916 8027.411792612075
8640 5691.723222823575 3022.814204931259 4078.110780596733 5865.873465061188 7262.080077409744 8107.700074481964
8700 5707.138347259632 3052.94277176857 4117.443717777729 5871.724068880081 7295.182928979397 8134.895852088928
8760 5792.062288862546 3130.076013326645 4194.187590122223 5955.343462944031 7366.149208068848 8213.972208499908
8820 5824.199771064749 3147.5274284362795 4210.498050451279 5964.8127410411835 7437.610973596573 8279.458548021317
8880 5911.470955771276 3245.4073544025423 4290.207102417946 6071.730732917786 7495.88228392601 8323.928578138351
8940 6004.397491565843 3342.264394950867 4421.027072906494 6205.704028129578 7553.462943434715 8381.822478199005
9000 6013.198940296695 3345.3237545728684 4376.954674422741 6163.793781638145 7611.277482509613 8448.341638088226
9060 6035.5382478718475 3372.9753289222717 4413.992641925812 6187.037561178207 7646.666397094727 8489.34905385971
9120 6137.368182704697 3481.8290622711183 4553.42787706852 6242.569578886032 7736.9318079948425 8576.78133854866
9180 6225.312838787117 3555.6289944648743 4670.144082069397 6371.990998029709 7798.595160603523 8631.714594221115
9240 6275.9784742175 3584.570452928543 4697.390179872513 6453.011156797409 7857.206945896149 8680.7236058712
9300 6302.016354866816 3608.656282401085 4717.110988795757 6429.828770518303 7905.384099245071 8724.447910046578
9360 6375.161207020478 3713.652328157425 4794.497025966644 6535.291372060776 7961.099519968033 8815.774196720124
9420 6422.027401116684 3765.884066414833 4830.551753938198 6584.151380062103 8021.353754103184 8853.045171880722
9480 6508.189577482122 3842.141802453995 4915.720329999924 6657.337596893311 8107.826919078827 8938.957643032074
9540 6589.778408502334 3914.1850595474243 5005.290060997009 6780.404820919037 8164.0654854774475 8978.376399993896
9600 6655.106218219736 3957.0410044670107 5060.860781908035 6842.885905981064 8240.488790988922 9053.852897357941
9660 6671.687506806075 3991.7582174539566 5106.710146784782 6841.141771554947 8253.439901173115 9086.297410011292
9720 6736.648947230208 4060.4435039520263 5144.206648111343 6886.73020195961 8313.635008096695 9170.008112287522
9780 6803.33296677921 4129.337816762924 5187.45943903923 6937.825348377228 8394.054526507854 9236.197917604446
9840 6922.541060102391 4251.225727939605 5366.917020082474 7093.891216039658 8477.375613927841 9298.443174648284
9900 6931.148199805729 4277.723707604408 5386.432225763798 7051.442476391792 8520.60133600235 9376.940059375764
9960 6947.940938487418 4263.787659525871 5350.093241930008 7064.127783536911 8564.216781497002 9404.836745977402
10020 7071.85332109089 4391.654366970062 5487.950653553009 7233.721903800964 8659.719049930573 9488.289724111557
10080 7078.241900787587 4405.398132705689 5486.7613389492035 7231.339595079422 8669.970248937607 9510.117173099517
10140 7177.055811901069 4479.33988995552 5586.3297290802 7354.695616006851 8775.441143989563 9585.510904884339
10200 7230.027982701521 4567.291982889175 5647.668064832687 7376.9125990867615 8811.720560073853 9660.44493508339
10260 7293.697597169853 4617.516150188446 5701.211148023605 7480.079380989075 8876.80504065752 9716.564053583144
10320 7363.81235670452 4669.702407121658 5768.824008464813 7565.3732368946075 8959.395418524742 9783.96196565628
10380 7448.921225686758 4739.395476579666 5892.505309462547 7654.58648955822 9002.943126440048 9839.587195301056
10440 7479.408121179932 4826.570168352127 5931.995856285095 7650.807991504669 9039.540909588337 9909.159357237817
10500 7513.474265439243 4880.226302957535 5944.5930161476135 7676.991370916367 9087.639705181122 9926.062457561493
10560 7607.074280046527 4932.199761009217 6036.780639886856 7747.758466959 9223.798915863037 10032.550523996353
10620 7646.737881995135 4989.11684422493 6087.103683531284 7765.6362944841385 9240.9215259552 10095.030227184296
10680 7743.188533731857 5076.4212641716 6170.500944852829 7947.509956121445 9319.85747385025 10142.975665092468
10740 7778.253571168061 5129.976580309868 6201.632538497448 7943.973755478859 9348.723385334015 10166.130219984056
10800 7825.278261726048 5149.474407196045 6233.823124885559 7953.996445894241 9425.409997940063 10237.040806531906
10860 7884.299563434264 5173.11063375473 6279.255334496498 8082.971049070358 9474.76056444645 10313.860816955566
10920 7938.81723984431 5285.174241781235 6341.527240514755 8080.964482784271 9541.694174528122 10389.377467870712
10980 8001.466849972953 5321.559246301651 6381.4378252625465 8184.122102379799 9590.300560712814 10423.370997905731
11040 8057.047637937494 5368.245883560181 6435.535969913006 8176.390523433685 9673.193378865719 10511.430033063889
11100 8074.720133876596 5375.51428604126 6454.508240938187 8239.141201019287 9693.169157028198 10520.818659067154
11160 8157.555762584627 5492.121564674378 6601.556989908218 8259.712416887283 9761.681622982025 10606.154043912888
11220 8230.318280542262 5591.724174284935 6643.972238183022 8388.042017936707 9818.682439148426 10648.548139810562
11280 8309.811057061173 5579.966845560074 6737.7975170612335 8492.073014974594 9919.712166070938 10728.228154134751
11340 8237.982158446774 5493.212499332428 6562.735450744629 8389.451863527298 9913.405198037624 10767.742043328286
11400 8309.721984971919 5515.418389129639 6644.406564235687 8455.26999592781 9992.465773522854 10834.636311793327
11460 8354.317376424717 5524.347193360329 6657.707235515118 8530.466465830803 10064.709702014923 10900.541707015038
11520 8298.407172844856 5487.958479881287 6580.219506978989 8407.23641204834 10080.835527896881 10939.089521884918
11580 8403.538677240169 5531.58774805069 6714.656381368637 8565.681181430817 10141.542724490166 11018.585285544395
11640 8405.569042302172 5480.414617848396 6612.430116176605 8580.477751135826 10198.197381198406 11050.32344622612
11700 8403.494871327846 5488.842983484268 6603.523255467415 8524.768403887749 10215.251034200191 11100.405381083488
11760 8426.12998871859 5522.686060810089 6638.663691520691 8561.98155117035 10192.205040931702 11176.80399799347
11820 8460.75751299088 5466.140794038773 6625.192593574524 8625.574850559235 10306.84699356556 11241.452836036682
11880 8485.738459349332 5493.419155788421 6706.770135581493 8648.102655053139 10293.727593064308 11249.067560005187
11940 8499.214631971918 5423.074912071228 6596.894401431084 8662.934183120728 10440.088343501091 11330.98488383293
12000 8487.946380929188 5454.014142990112 6548.641974270344 8595.51553440094 10403.763626992702 11381.348593449595
12060 8534.098457250664 5436.840883970261 6542.603443026543 8690.00243806839 10471.593112945557 11433.117938995361
12120 8563.029598006058 5431.492433786392 6579.398895978928 8704.050239801407 10503.79300916195 11476.117951154709
12180 8563.488055177913 5407.403603601456 6560.316927194595 8736.7858440876 10498.644561052322 11540.251185178757
12240 8551.253532452141 5389.6965655088425 6479.357013940811 8691.99265897274 10538.356015086174 11592.33805847168
12300 8577.582609868958 5343.066048026085 6529.752401828766 8722.108456969261 10572.794401705265 11621.394038438797
12360 8614.256609341774 5385.855532121658 6507.393564939499 8765.175428152084 10660.746472358704 11703.493942022324
12420 8614.945727283366 5352.351632022858 6568.71702504158 8721.81245803833 10613.613034009933 11735.355642795563
12480 8661.787373670073 5371.8695499897 6533.743227958679 8806.950291991234 10725.317135453224 11816.710192322731
12540 8679.696455654923 5341.554947519303 6584.840238809586 8764.643028974533 10799.25669503212 11861.264063692093
12600 8658.348751347314 5323.779430031776 6531.643131732941 8778.172937870026 10730.830251693726 11870.81077823639
12660 8708.567310713881 5273.342790269852 6538.964281022549 8845.29865705967 10817.885782957077 11953.471914052963
12720 8763.038179529745 5241.537459659577 6559.407592058182 8935.542985916138 10909.972783088684 12039.08856010437
12780 8706.137463387671 5246.3226400613785 6538.502259016037 8765.236734986305 10847.75657516718 12043.632516121865
12840 8736.47853505104 5239.284923958779 6542.493702471256 8820.938172101974 10924.32098698616 12142.371381998062
12900 8821.558687304905 5259.847289800644 6596.312780857086 8948.652698993683 11044.515649080276 12191.278815746307
12960 8838.472227282702 5257.238598012924 6638.547864079475 8967.443875551224 11027.007641077042 12241.205420017242
13020 8826.57413291588 5180.918597650528 6570.96185451746 8915.60849249363 11109.10919123888 12290.309684181213
13080 8869.208069628708 5151.199174165726 6562.980154037476 9013.825956106186 11190.502321958542 12375.619987630844
13140 8860.082718653777 5149.612853384018 6578.124913275242 8913.169920563698 11242.684147238731 12427.457284712791
13200 8877.763344457777 5146.091157078743 6591.487366735935 8989.904225111008 11175.030256390572 12470.44398510456
13260 8925.61283361106 5076.460283041 6602.21080493927 9124.62915301323 11225.252459049225 12556.259672164917
13320 8996.472772846244 5138.857493138314 6707.846130669117 9114.330414056778 11343.025972902775 12612.707900786401
13380 9000.994241258251 5052.797819709778 6590.79833316803 9192.48939704895 11414.22251200676 12663.51900935173
13440 9020.757295111478 5099.908027863503 6597.747361838818 9182.579929828644 11474.304918527603 12719.39135503769
13500 8954.581322822878 5047.308374261856 6549.829916000366 9037.330199956894 11418.678601026535 12678.910267782212
13560 9043.32939066162 5169.120546269417 6578.095366239548 9135.30431842804 11515.872671186924 12804.961044311523
13620 9123.95647985366 5186.919493222237 6685.496151983738 9220.569529652596 11583.417595684528 12897.608165097236
13680 9212.746241943245 5282.028479909897 6810.734802007675 9417.336287975311 11632.242808580399 12904.781237554549
13740 9234.852605019798 5249.532099294663 6813.02189296484 9378.893325567245 11702.852232515812 12996.41143951416
13800 9271.453304412556 5369.977233695984 6834.90894639492 9416.856187343597 11727.175400435925 13041.149210834505
13860 9348.784303850176 5374.033196783066 6899.651831865311 9451.628156900406 11817.089410066605 13130.454149580004
13920 9399.982445467824 5448.514470100403 7039.794475078583 9451.74266910553 11863.514698982239 13168.15432190895
13980 9453.620299157636 5515.120031070709 7047.611994028091 9529.857702970505 11932.57051205635 13202.053474521637
14040 9559.14043194385 5627.398218989372 7229.947775006294 9681.858209490776 11983.577473163605 13284.665683889389
14100 9562.672790940276 5588.7425299167635 7158.8047478199005 9649.93995809555 12046.352462053299 13327.196035003662
14160 9620.794285563186 5624.566170740128 7169.577651977539 9754.81438088417 12126.134636878967 13374.93382191658
14220 9714.469849357169 5785.480929231644 7294.51010787487 9841.107277870178 12183.734138965607 13473.939838886261
14280 9749.241733907418 5809.000253725052 7325.340355873108 9874.90540099144 12221.514631986618 13517.769287014007
14340 9864.18953629115 5876.855292248726 7400.350240826607 9930.088129401207 12353.25570654869 13628.391013360026
14400 9926.553319397666 5934.708299040794 7496.088628351688 10055.493330478668 12365.61117041111 13667.446701550483
14460 10029.581041615605 6068.647560834885 7619.780955910683 10193.643376111984 12452.709997057915 13738.49462389946
14520 9967.0797549362 6111.463968324661 7583.031984090805 10059.849307060242 12432.712244987488 13705.577429056168
14580 10045.148602552059 6153.1034247398375 7663.362522006035 10144.459697961807 12492.290793895721 13795.898833990097
14640 10102.576218529335 6166.293168544769 7695.480129003525 10176.161584854126 12583.219757080078 13859.860676717757
14700 10171.858177195021 6224.779640865326 7717.1608137488365 10290.320692181587 12633.344983935356 13931.168917465211
14760 10276.687846407438 6372.126258087158 7949.026273548603 10416.144776940346 12689.585005819798 14037.307118701936
14820 10288.667910139464 6408.635267496109 7862.59679889679 10398.028558969498 12746.547214746475 14064.968118381501
14880 10324.654644302338 6409.9152410030365 7898.370892524719 10360.92708683014 12824.872438907623 14094.835850000381
14940 10383.298976425598 6453.293969774246 8013.711984872818 10395.60107088089 12862.216154456139 14161.738562822342
15000 10510.124559714945 6567.785795426368 8144.458572983742 10628.357012987137 12939.9745388031 14237.796439218522
15060 10544.524694102805 6640.683710765838 8088.099102973938 10665.395884990692 13007.185564041138 14300.02514886856
15120 10590.161183708313 6607.499665737152 8157.079244673252 10666.419365525246 13080.496064901352 14377.170406794548
15180 10562.29811220128 6665.012818098068 8095.118737637997 10594.400371074677 13086.0837469697 14419.82890970707
15240 10733.765949172965 6814.50557551384 8269.927796661854 10842.941833019257 13203.399389982224 14467.712819314003
15300 10759.553497949466 6802.383408856392 8380.899969756603 10832.950768470764 13243.994825839996 14543.828743934631
15360 10779.60031544995 6848.943865776062 8281.362617015839 10821.183892965317 13290.688735961914 14585.863462924957
15420 10946.209839230798 6972.261490893364 8572.230650901794 11075.665278553963 13368.38420510292 14691.315266561509
15480 10952.808533135652 7003.348938322068 8559.354474067688 11032.660135030746 13437.256763219833 14717.645376253127
15540 11111.168930347774 7138.209506034851 8697.639590024948 11294.761325120926 13555.170633256435 14787.090888023376
15600 11039.416208638686 7148.562596273422 8573.81162583828 11125.872753024101 13528.645234823227 14802.391633939744
15660 11148.984945759175 7265.58255329132 8792.221329569817 11282.16591000557 13575.993957400322 14876.061157178883
15720 11103.606615557921 7242.276060009003 8711.551279067993 11146.476161956787 13629.996040463448 14918.767370939255
15780 11279.131760679767 7349.540269613266 8919.812103033066 11361.741485118866 13727.148004055023 15019.37289404869
15840 11301.209957279278 7375.127151012421 8840.974760115147 11382.097236990929 13797.597602844238 15078.276060461998
15900 11346.136470810918 7478.695350885391 8966.938109874725 11384.337038040161 13835.7853038311 15099.259603023529
15960 11426.535200223252 7482.508410692215 8994.913028001785 11536.263713121414 13916.31307387352 15216.864673328399
16020 11521.039995003825 7500.561136889458 9073.13210183382 11644.334912896156 13975.639579057693 15319.041783094406
16080 11539.396281886578 7679.200978708267 9163.72329801321 11619.978977441788 14003.185800373554 15281.761019730568
16140 11654.447255260118 7736.069223046303 9240.406948685646 11810.430854558945 14114.292908966541 15375.082853913307
16200 11733.005394012074 7715.296301841736 9355.088570833206 11927.226034164429 14178.140475034714 15426.545151948929
16260 11736.352348058897 7757.2205971241 9334.30407500267 11877.765377998352 14208.243586063385 15460.852340459824
16320 11772.726388567962 7819.065524935722 9324.562872588634 11869.993188977242 14247.942948281765 15528.578649878502
16380 11954.89724274232 8016.546006441116 9540.294689893723 12126.305849075317 14376.861600875854 15656.120934009552
16440 11917.258029513676 8007.573724842072 9520.126233160496 12027.886307477951 14370.04663091898 15689.998555016518
16500 11936.0414067833 7976.469936013222 9537.852112412453 12070.475026488304 14403.882185935974 15717.187397003174
16560 12081.79731452167 8187.538584637642 9713.374558568 12216.64139354229 14512.760176420212 15772.199631786347
16620 12161.31348403596 8251.123927950859 9746.31810426712 12305.902791500092 14617.654921591282 15886.086836576462
16680 12182.586011226049 8176.381523370743 9809.26971334219 12304.754526853561 14648.12702792883 15936.665999412537
16740 12243.130383829708 8311.686948776245 9788.525055527687 12391.714881896973 14688.87425661087 15968.498139190675
16800 12330.892695675017 8393.547521424294 9949.00320225954 12422.431117534637 14765.660130620003 16074.216292238234
16860 12383.539664300679 8494.116226792336 9958.973371565342 12537.16360104084 14799.241255581379 16111.724399089813
16920 12418.839489481166 8494.23953871727 10071.434520483017 12453.860398054123 14888.65536403656 16143.829530191422
16980 12439.944352331531 8484.257998132705 10025.039708852768 12526.998100042343 14915.873563051224 16185.677250719073
17040 12556.40210985303 8640.227136683465 10187.206724762917 12641.431277871132 14969.929771721363 16329.334562706948
17100 12547.923879174357 8643.500592207909 10130.953498244286 12630.271450400352 15033.136339962482 16316.356642842293
17160 12649.25171482287 8657.09033703804 10308.270827054977 12759.594093799591 15102.540513515472 16369.8941988945
17220 12625.894806268265 8734.102690029144 10168.67869001627 12701.37099647522 15134.241694808006 16438.50048995018
17280 12794.475327789713 8878.648743009568 10367.154074907303 12976.436996936798 15234.831893920898 16531.099356508254
17340 12910.984501505145 9012.040126085281 10514.277448654175 13040.074102163315 15377.077465057373 16631.91800904274
17400 12884.920809605406 8849.11808385849 10451.813949108124 13003.229753017426 15335.760762929916 16620.20973086357
17460 12946.155266297523 9025.744370937347 10601.598326921463 13026.326267004013 15403.540509939194 16695.05788707733
17520 13093.276442405457 9085.313371562957 10675.61911702156 13279.080415010452 15559.541409015656 16879.640637636185
17580 13097.951688303801 9116.926169037819 10700.561885118484 13189.913614988327 15580.244001984596 16813.01755940914
17640 13042.759893157778 9026.839943695068 10580.057899296284 13150.023649930954 15565.778863191605 16869.80109190941
17700 13072.3429783789 9107.97284283638 10619.44825899601 13117.341605901718 15622.782884597778 16929.963850688935
17760 13016.525356777469 8933.479602575302 10568.411676347256 13104.028986096382 15655.232788860798 16980.94581079483
17820 13123.871289502327 9056.75159907341 10630.292548894882 13250.887981176376 15754.906522989273 17023.859429121017
17880 13150.775117855694 9023.595025682449 10627.722494125366 13243.419345855713 15806.342545986176 17099.543658971786
17940 13252.275567936142 9039.557775330544 10638.918497383595 13436.525344014168 15884.950112879276 17201.8625998497
18000 13219.748397999438 8988.992593050003 10628.063329935074 13383.665395021439 15924.404913902283 17226.027902841568
18060 13315.206727849773 8999.360901808739 10808.033053696156 13515.618645429611 15966.125097572803 17263.86081762314
18120 13282.811779649397 9008.032075452804 10659.033581972122 13406.754093170166 16010.948917031288 17313.617985200883
18180 13208.119672456265 8913.599688339233 10579.432394504547 13256.757817029953 16030.822299003601 17339.414826250075
18240 13188.565490991754 8888.815554356575 10589.818212807178 13195.746876597404 16097.64872097969 17384.378994297982
18300 13227.797220440325 8904.25708246231 10528.703506350517 13204.88503909111 16122.619553089142 17466.009980082512
18360 13363.376496091607 8943.45236172676 10712.538441896439 13535.833849906921 16204.964823007584 17578.259053230286
18420 13363.630807586007 8939.239620280267 10573.675244867802 13492.451493024826 16310.739301145077 17620.172723054886
18480 13289.785187215368 8940.822777748108 10539.678969860077 13346.22436261177 16095.25955837965 17603.757080698015
18540 13354.459623172299 8851.929854035378 10633.251233100891 13393.638735055923 16306.941474199295 17662.386304974556
18600 13379.191762682489 8834.82539358139 10622.190954566002 13370.244792938232 16426.505385041237 17748.971290779114
18660 13378.552238004244 8897.83332002163 10569.491672098637 13405.124973535538 16390.503946483135 17787.492327094078
18720 13481.04828458732 8822.785144162179 10669.200317025185 13540.490396142006 16579.99244827032 17900.96217045784
18780 13381.766105993502 8727.266528558732 10576.16620028019 13388.11673939228 16370.744518220425 17908.26294050217
18840 13447.429256716894 8808.784085798263 10610.007050156593 13510.151849031448 16510.732156038284 17960.049543857574
18900 13567.284977921607 8916.504767274857 10685.773733973503 13715.531379938126 16586.44192492962 18021.148625802995
18960 13627.237324584643 8869.647828102112 10722.504159092903 13764.676819086075 16721.323907971382 18080.571585464477
19020 13570.837520771307 8949.071957325936 10601.29507637024 13600.248493552208 16581.92443829775 18112.57613492012
19080 13715.448292176936 9043.900769281387 10897.961827039719 13826.1642639637 16628.86397409439 18161.03291606903
19140 13698.252890559563 9065.029456090928 10775.907856345177 13732.878458976746 16747.31821757555 18277.101346373558
19200 13838.433661293884 9200.90038137436 11059.738495528698 13906.308574438095 16841.749028146267 18335.621478796005
19260 13916.267339830045 9215.813781023026 11055.686951518059 13998.309561014175 17001.45951151848 18435.707050180434
19320 13920.73443889376 9243.254260063171 11001.592642188072 13933.711347579956 17075.127094984055 18410.455238103867
19380 14011.121799840374 9338.57377550602 11211.200432062149 14035.702067017555 16996.969883799553 18480.986182665823
19440 14108.850736432303 9470.936693191528 11233.550241231918 14191.675528049469 17153.63344311714 18605.46775317192
19500 14092.922984356182 9362.774923086166 11246.198228657246 14121.107388973236 17080.478628456593 18602.454339027405
19560 14098.186850049307 9403.551503896713 11133.960557281971 14190.93422305584 17141.26745969057 18673.762643933296
19620 14249.669105507368 9621.641120910645 11419.340334534645 14305.493438959122 17232.544139385223 18706.730005025864
19680 14390.792936451206 9608.858023881912 11457.926663160324 14487.516430854797 17524.84960579872 18912.8907623291
19740 14365.215035027504 9750.532709240913 11519.67460155487 14375.231956481934 17405.98867493868 18848.333900642396
19800 14422.579519332778 9830.861186981201 11596.015867471695 14359.29443192482 17559.8480809927 18909.71405696869
19860 14478.199365426677 9829.68070063591 11673.141582012177 14488.577777862549 17499.465155124664 19028.319850444794
19920 14380.33132902908 9846.191920042038 11513.976958990097 14282.798734903336 17505.01307106018 18973.73097205162
19980 14597.7075380049 9946.846409606933 11730.44922041893 14599.62068605423 17600.168018460274 19007.30055170059
20040 14616.062807105001 9987.010678052902 11733.810669898987 14697.178554058075 17676.966189026833 19147.192355442046
20100 14666.730844702935 9968.776527047157 11803.54432529211 14803.387639045715 17711.611440241337 19199.316746473312
20160 14809.735950827833 10149.932007026673 11925.946383476257 14844.948572158813 17951.943650960922 19266.25642800331
20220 14786.933864456552 10150.443325328826 11884.296149551868 14818.982728004456 17806.854241490364 19311.169526457787
20280 14823.377542033315 10187.750568151474 11903.328970134258 14781.348638534546 17920.14541864395 19360.378322839737
20340 14973.18443076711 10318.365360975266 12094.03322994709 15007.80097579956 18089.801488041878 19459.047637939453
20400 15076.214714195028 10317.358323836326 12262.066018521786 15207.386712551117 18110.892306625843 19501.232092905044
20460 15024.457630593954 10353.159273433686 12119.904152870178 15071.354319095612 18104.648968935013 19502.512541198732
20520 15250.412891669968 10574.684379529954 12348.933179140091 15279.340620040894 18391.55349802971 19691.682107353212
20580 15164.029387309438 10465.091814160347 12265.13813316822 15241.812735438347 18238.216051638126 19708.683427095413
20640 15284.961844589681 10587.841947698593 12405.66194653511 15337.809286117554 18422.289138674736 19760.845413303374
20700 15311.362076868585 10676.671283936501 12480.763752102852 15282.503415584564 18263.500212609768 19862.534905600547
20760 15390.742263832744 10709.203839421272 12510.711561143398 15446.027309536934 18533.63421010971 19857.48635816574
20820 15345.524134031286 10668.099803233146 12545.893113732338 15277.00986456871 18437.372522711754 19927.582303833962
20880 15447.75735105511 10767.7578291893 12490.689310073853 15482.660928964615 18571.965413093567 20016.67910046577
20940 15626.215304788891 10949.822294282912 12831.419166445732 15636.709992170334 18703.185193538666 20091.590261220932
21000 15520.18618128928 10895.399090743065 12638.199968874454 15435.779364943504 18673.10395359993 20130.06723561287
21060 15652.781727253496 10850.204016923904 12754.095055937767 15584.448409080505 18809.081812620163 20228.681250095367
21120 15690.1314767071 11029.620032691955 12884.635488688946 15675.862246513367 18696.242177903652 20230.309899759293
21180 15829.057608725368 11156.750262355805 12794.590767025948 15846.056321144104 18966.038609027863 20374.9024368763
21240 15879.535439878038 11249.865392589569 12956.494469881058 15880.092900037766 18916.048748016357 20358.82655620575
21300 16051.007878877368 11351.908471107483 13268.07040297985 16198.967830896378 19071.426418066025 20478.064087867737
21360 16003.304880930587 11317.735651636123 13159.364368081093 16079.33053612709 19049.169387102127 20485.63155078888
21420 16081.712172324793 11368.855671668052 13262.358820736408 16117.055436491966 19001.21006721258 20544.186374378205
21480 16105.718452701654 11571.056510686874 13233.340751051903 16105.033309936523 19112.179159998894 20609.404235553742
21540 16051.518267762045 11589.191473293306 13171.253036022186 16022.94869685173 19076.163218975067 20665.13004770279
21600 16185.689032365231 11521.019506144523 13412.407466232777 16196.610753417015 19377.33300346136 20640.490833687785
