0 2 8536  
1 4 35033  
2 8 54561 53079 
3 8 80229 158993 
4 8 96497 291381 
5 8 96373 436024 
6 8 96716 583344 
7 8 93985 731069 
8 8 105943 860117 
9 8 105314 1001213 
10 8 105510 1141459 
11 8 120813 1268535 
12 8 121112 1411511 
13 8 121172 1552914 
14 6 108528 1685883 
15 10 177147 1749410 
16 8 216926 1855550 
17 8 273333 1927129 
18 12 323374 1961741 45461
19 12 386574 2026428 52107
20 9 368540 2157701 52107
21 15 450798 2213439 52107
22 12 605231 2213439 52107
23 12 687528 2274192 52107
24 12 731941 2371765 52107
25 12 842083 2402013 52107
26 9 876317 2491409 52107
27 15 898580 2609323 52107
28 12 916882 2753943 52107
29 9 956719 2857131 52107
30 12 1084653 2868061 52107
31 15 1273483 2868061 52107
32 12 1465432 2868061 52107
33 12 1619617 2868061 52107
34 12 1711139 2937589 52107
35 9 1730288 3069912 52107
36 12 1764275 3154606 83739
37 15 1900974 3187607 100343
38 12 1940587 3317544 100343
39 12 1959524 3443731 100343
40 12 1982429 3571217 100343
41 9 2002192 3682964 100343
42 15 2024607 3807938 100343
43 9 2053101 3926042 100343
44 12 2074124 4033234 100343
45 15 2107619 4171201 100343
46 12 2173538 4285948 100343
47 12 2318752 4294497 100343
48 12 2461849 4294497 100343
49 12 2621442 4294497 100343
50 12 2774070 4294497 100343
51 12 2920001 4294497 100343
52 9 3044306 4294497 100343
53 12 3177274 4294497 100343
54 15 3349984 4294497 100343
55 12 3426043 4294585 191108
56 12 3417780 4294687 351476
57 12 3416063 4294757 511782
58 12 3420675 4294841 672493
59 12 3427635 4294899 826424
60 9 3535298 4294856 865537
61 15 3666364 4326273 865537
62 9 3700190 4443682 865537
63 15 3723607 4571673 865537
64 12 3742494 4709631 865537
65 12 3761641 4831498 865537
66 12 3787223 4951988 865537
67 12 3806522 5073885 865537
68 12 3826126 5197252 865537
69 9 3847572 5304237 865537
70 15 3874708 5426430 865537
71 12 3910288 5563014 865537
72 12 3932589 5686413 865537
73 12 3952638 5810131 865537
74 12 3970823 5933651 865537
75 12 3990301 6057388 865537
76 12 4005446 6184849 865537
77 12 4018446 6313615 865537
78 12 4032259 6440136 865537
79 12 4136946 6484410 865537
80 12 4284411 6484410 865537
81 12 4435175 6484410 865537
82 12 4582847 6484410 865537
83 9 4721001 6484410 865537
84 12 4848743 6484410 865537
85 15 5003184 6484410 865537
86 12 5163507 6484410 865537
87 12 5303239 6484410 865537
88 9 5424898 6484410 865537
89 12 5549487 6484410 865537
90 15 5707941 6484410 865537
91 9 5847287 6484410 865537
92 15 5991347 6484410 865537
93 12 6157523 6484410 865537
94 9 6264426 6484471 898165
95 15 6273297 6484604 1033902
96 12 6284220 6484710 1187799
97 12 6304216 6484782 1323532
98 12 6325173 6484851 1469911
99 12 6343970 6484930 1619540
100 12 6345402 6485004 1770530
101 12 6342368 6485060 1921438
102 12 6343450 6485134 2075658
103 12 6370428 6485203 2223274
104 12 6425775 6485034 2342290
105 12 6559943 6519521 2350674
106 9 6603239 6624590 2350674
107 15 6650291 6747659 2350674
108 12 6703177 6885281 2350674
109 9 6744227 6994357 2350674
110 15 6781155 7118057 2350674
111 12 6814440 7255639 2350674
112 12 6843531 7378379 2350674
113 12 6884281 7501734 2350674
114 9 6911038 7609173 2350674
115 15 6937814 7732557 2350674
116 12 6969851 7872097 2350674
117 12 7000123 7994179 2350674
118 12 7046752 8117085 2350674
119 12 7085756 8240660 2350674
120 12 7124862 8367499 2350674
121 12 7142412 8494937 2350674
122 9 7157143 8607593 2350674
123 15 7172846 8734383 2350674
124 12 7189114 8879645 2350674
125 12 7205674 9007043 2350674
126 12 7230953 9136078 2350674
127 12 7249202 9265973 2350674
128 12 7261854 9390884 2350674
129 12 7275916 9515179 2350674
130 9 7295166 9622536 2350674
131 15 7338387 9745840 2350674
132 9 7376615 9866917 2350674
133 12 7398572 9975255 2350674
134 15 7428618 10115478 2350674
135 12 7457973 10252998 2350674
136 12 7491522 10361763 2350674
137 9 7613020 10377708 2350674
138 15 7781720 10377708 2350674
139 9 7933040 10377708 2350674
140 12 8055965 10377708 2350674
141 12 8205713 10377708 2350674
142 15 8370350 10377708 2350674
143 12 8535757 10377708 2350674
144 12 8686839 10377708 2350674
145 9 8827774 10377708 2350674
146 15 8989446 10377708 2350674
147 12 9159055 10377708 2350674
148 12 9303782 10377708 2350674
149 9 9427131 10377708 2350674
150 15 9583041 10377708 2350674
151 12 9773303 10377708 2350674
152 12 9935703 10377708 2350674
153 12 10081851 10377708 2350674
154 12 10233937 10377708 2350674
155 12 10378891 10377708 2350674
156 12 10521642 10377708 2350674
157 12 10668641 10377708 2350674
158 12 10814251 10377708 2350674
159 12 10953545 10377708 2350674
160 12 11100630 10377708 2350674
161 12 11250691 10377708 2350674
162 12 11386245 10377708 2350674
163 12 11524802 10377708 2350674
164 9 11649989 10377708 2350674
165 15 11801409 10377719 2355342
166 12 11860352 10377809 2471736
167 12 11855051 10377863 2627489
168 12 11853345 10377910 2781649
169 12 11847348 10377955 2935713
170 12 11844213 10378023 3088005
171 9 11857979 10378066 3215925
172 15 11896539 10378119 3343158
173 12 11931687 10378170 3488939
174 12 11950197 10378218 3622752
175 9 11959170 10378266 3742802
176 12 11966201 10378291 3860913
177 15 11981333 10378330 4010322
178 12 12001750 10378375 4161688
179 12 12031953 10378403 4290685
180 12 12044067 10378436 4424548
181 12 12061779 10378462 4558562
182 12 12090855 10378489 4690304
183 12 12129006 10378523 4820718
184 12 12161528 10378537 4951681
185 12 12256896 10377999 5003677
186 9 12386114 10377999 5003677
187 12 12502875 10394025 5003677
188 15 12539347 10521850 5003677
189 12 12582514 10667743 5003677
190 12 12607387 10795436 5003677
191 12 12632365 10924880 5003677
192 12 12651419 11050307 5003677
193 12 12669458 11174467 5003677
194 12 12695274 11298209 5003677
195 12 12722614 11421138 5003677
196 12 12761726 11546688 5003677
197 12 12807001 11671515 5003677
198 12 12850178 11793797 5003677
199 12 12890999 11916022 5003677
200 12 12920849 12039003 5003677
201 12 12952954 12162885 5003677
202 12 12985300 12287040 5003677
203 12 13005885 12410847 5003677
204 12 13021109 12534780 5003677
205 9 13043802 12643088 5003677
206 15 13079163 12770362 5003677
207 12 13131913 12918552 5003677
208 12 13181769 13047836 5003677
209 12 13227341 13178364 5003677
210 12 13251285 13306915 5003677
211 12 13270749 13435251 5003677
212 12 13285200 13562996 5003677
213 9 13304497 13670948 5003677
214 15 13343235 13795843 5003677
215 12 13393078 13934572 5003677
216 12 13439755 14057479 5003677
217 9 13479308 14163725 5003677
218 12 13508351 14271781 5003677
219 15 13534968 14408457 5003677
220 12 13555446 14546700 5003677
221 12 13574805 14669846 5003677
222 12 13597245 14793491 5003677
223 9 13619964 14900612 5003677
224 12 13635755 15008057 5003677
225 12 13658000 15130926 5003677
226 12 13792429 15173964 5003677
227 15 13983199 15173964 5003677
228 12 14152501 15173964 5003677
229 12 14292837 15173964 5003677
230 9 14418454 15173964 5003677
231 15 14564765 15173964 5003677
232 12 14726957 15173964 5003677
233 12 14872229 15173964 5003677
234 12 15021206 15173964 5003677
235 12 15165612 15173964 5003677
236 12 15312076 15173964 5003677
237 12 15477024 15173964 5003677
238 12 15647781 15173964 5003677
239 12 15796987 15173964 5003677
240 12 15940029 15173964 5003677
241 12 16094946 15173964 5003677
242 9 16239273 15173964 5003677
243 15 16382580 15173964 5003677
244 12 16547385 15173964 5003677
245 12 16692091 15173964 5003677
246 12 16859265 15173964 5003677
247 9 17010464 15173964 5003677
248 15 17158629 15173964 5003677
249 12 17325761 15173964 5003677
250 9 17467465 15173964 5003677
251 15 17616242 15173964 5003677
252 12 17774070 15173964 5003677
253 12 17920323 15173964 5003677
254 12 18074599 15173964 5003677
255 12 18234630 15173964 5003677
256 9 18384757 15173964 5003677
257 12 18514544 15173964 5003677
258 12 18657258 15173964 5003677
259 15 18812976 15173964 5003677
260 12 18976524 15173964 5003677
261 12 19148384 15173964 5003677
262 9 19290262 15173964 5003677
263 15 19433871 15173964 5003677
264 12 19615126 15173964 5003677
265 9 19739528 15173964 5003677
266 15 19877230 15173964 5003677
267 12 20033365 15173964 5003677
268 9 20155053 15174000 5005588
269 15 20196608 15174077 5107786
270 12 20209985 15174088 5254534
271 12 20219466 15174098 5386639
272 12 20255437 15174112 5516907
273 12 20298603 15174145 5645906
274 12 20338358 15174171 5775445
275 9 20375934 15174184 5888097
276 15 20414629 15174207 6016547
277 12 20449014 15174238 6165067
278 12 20461979 15174278 6296761
279 9 20468435 15174308 6414529
280 15 20481162 15174322 6547897
281 9 20501770 15174335 6683913
282 12 20524537 15174355 6811840
283 12 20548016 15174377 6959631
284 15 20562422 15174393 7127280
285 12 20556222 15174411 7299069
286 9 20555556 15174427 7432461
287 15 20562764 15174443 7573129
288 12 20586966 15174451 7721261
289 12 20618408 15174461 7848422
290 12 20642737 15174478 7977592
291 12 20658305 15174489 8107941
292 12 20688857 15177445 8233946
293 12 20712420 15264545 8270607
294 12 20728856 15388149 8270607
295 12 20743984 15512021 8270607
296 12 20762872 15633687 8270607
297 12 20804035 15758806 8270607
298 12 20835389 15882005 8270607
299 9 20853427 15988917 8270607
300 15 20877184 16111985 8270607
301 12 20921004 16248573 8270607
302 12 20954150 16371633 8270607
303 9 20974044 16478696 8270607
